0.17326638
0.31444076
0.25959247
0.18874493
0.19930938
0.17736445
0.17520583
0.17482083
0.12651123
0.16031164
0.16772449
0.18221362
0.16155492
0.18010451
0.44795156
0.1946606
0.21768549
0.22810121
0.22018
0.24792656
0.267656
0.1886281
0.1994663
0.27370003
0.36922443
0.09769159
0.2507318
0.5406294
0.25006178
0.18703671
0.7352004
0.8874116
0.6121737
0.79614234
0.82220143
0.7350068
0.83445096
0.8497203
0.68660897
0.5385326
0.746742
0.79083484
0.84892154
0.6692436
0.6193456
0.5452349
0.5951534
0.34730604
0.35900575
0.28446114
0.31098327
0.19120355
0.19129708
0.14529353
0.21466197
0.16644406
0.20674734
0.13896139
0.25357142
0.20182972
0.2784745
0.26651275
0.3309617
0.28534374
0.36255905
0.2542525
0.5973406
0.2140449
0.284296
0.2844518
0.25322515
0.27827993
0.6103337
0.5175005
0.2821566
0.3114513
0.6031075
0.42976955
0.28607315
0.29305497
0.7112815
0.32016724
0.2312099
0.35111737
0.35096046
0.23857568
0.15694197
0.4974634
0.34849253
0.31053135
0.32600653
0.8025926
0.9201219
0.6539553
0.85900956
0.93220574
0.8847659
0.77423126
0.3141001
0.89982635
0.75373656
0.113218635
0.19419006
0.8927182
0.21097587
0.115134925
0.47670475
0.9040398
0.23208196
0.2323271
0.9055507
0.8501988
0.37531582
0.6223664
0.92081803
0.7408579
0.62541765
0.87701684
0.9434504
0.8957718
0.56487703
0.6527855
0.9225343
0.8419848
0.59685826
0.7685556
0.8872362
0.83614135
0.73525053
0.7496139
0.6931644
0.6616108
0.53918964
0.61790097
0.6825017
0.5711991
0.6323555
0.6521103
0.57438207
0.5718063
0.6146898
0.45441476
