0.15294944
0.3385946
0.3762061
0.24933998
0.25147703
0.23715179
0.24059615
0.20917995
0.1764753
0.20990676
0.26582655
0.2430699
0.21762663
0.23238495
0.566195
0.23842734
0.39872313
0.36204758
0.37116623
0.35418278
0.34799293
0.25384948
0.24932815
0.5116661
0.5063968
0.10690137
0.31413257
0.6577084
0.27047846
0.25167134
0.7448454
0.8946969
0.5908529
0.75864035
0.86147946
0.70703083
0.8161907
0.8287973
0.69732136
0.50781155
0.67135626
0.7541367
0.83167857
0.64932173
0.60319054
0.5658016
0.6000812
0.34858438
0.36999005
0.31419381
0.3360543
0.19832455
0.20302054
0.18111885
0.24592009
0.17090903
0.24314983
0.16016947
0.23767288
0.14222357
0.21547839
0.2507915
0.1659615
0.17933129
0.25222605
0.16073962
0.2970408
0.19684757
0.25220016
0.1902489
0.26255384
0.31375927
0.5823066
0.35795102
0.3183334
0.48406762
0.35714686
0.32614237
0.29503402
0.2874182
0.4810034
0.22574358
0.18810286
0.3053973
0.27587903
0.2250877
0.16274904
0.46213347
0.29673684
0.29806474
0.37151808
0.8443348
0.9101614
0.7122554
0.86958534
0.93270665
0.89215624
0.8005717
0.354511
0.90513116
0.78594005
0.20531763
0.32705382
0.92854875
0.43690157
0.20159446
0.64239764
0.91262686
0.31005985
0.28570437
0.9174636
0.8564716
0.375918
0.61865795
0.9296194
0.7226911
0.5739733
0.87182194
0.94276386
0.89835316
0.5765438
0.686754
0.92662907
0.8427899
0.6388994
0.77077895
0.8817593
0.81992817
0.70503664
0.7347298
0.6878236
0.6382543
0.49912706
0.5981722
0.67321587
0.47631705
0.53237796
0.60892665
0.5205033
0.49644253
0.66301364
0.5905637
