0.14732952
0.3069272
0.307127
0.21411964
0.22438419
0.20836091
0.20349935
0.1799438
0.11965979
0.1717994
0.19185725
0.21681587
0.21511604
0.23768702
0.63951737
0.32777533
0.45579916
0.4029495
0.39701402
0.416444
0.38896585
0.26055282
0.24457276
0.41117233
0.45861754
0.08968914
0.26590207
0.590747
0.21089184
0.17435263
0.67597276
0.8790934
0.54963756
0.73978823
0.8297313
0.7102713
0.8070348
0.8111831
0.6746494
0.51740235
0.66632384
0.73862225
0.84367645
0.6818164
0.59529454
0.519298
0.6249553
0.33248988
0.25157747
0.27994755
0.3588292
0.20193633
0.19492279
0.18866117
0.3024092
0.14575289
0.25597522
0.18607861
0.26733616
0.14148028
0.17717639
0.24323353
0.17663111
0.13459575
0.14438824
0.1136072
0.17788468
0.1583122
0.24063337
0.16256163
0.20693411
0.28860223
0.47516853
0.41513392
0.40769753
0.49225014
0.37754366
0.30174166
0.20384991
0.2165658
0.3670203
0.24510804
0.22651315
0.30068624
0.32843852
0.4214543
0.2203971
0.3163256
0.29645216
0.5836804
0.27608055
0.73945564
0.9154759
0.6554712
0.8357574
0.92331797
0.8688506
0.7662684
0.37280068
0.90099555
0.7798831
0.21414617
0.24435622
0.89159584
0.16299817
0.17282131
0.716096
0.8983588
0.26336107
0.38941
0.91536397
0.7374648
0.4950962
0.65963817
0.9233628
0.7653748
0.66993856
0.8924373
0.94616854
0.92591375
0.63465005
0.6744919
0.9292823
0.8728266
0.6060363
0.72060233
0.8889097
0.8245401
0.5670503
0.6910892
0.6719042
0.47933796
0.34916478
0.56987804
0.617193
0.31533292
0.48251083
0.62146014
0.4964965
0.4986286
0.70637673
0.6134377
