0.14281169
0.32495025
0.33498898
0.21106793
0.19439957
0.25462234
0.21922196
0.20948239
0.17575522
0.23832388
0.22752652
0.2446271
0.29012567
0.23735553
0.35104498
0.17874508
0.2733394
0.24102487
0.19522002
0.19665304
0.2455158
0.17329569
0.16191135
0.29980677
0.30593285
0.11629782
0.28466555
0.5760323
0.29383656
0.27130392
0.60182035
0.87301064
0.69287837
0.792077
0.7512662
0.68071645
0.845024
0.8303259
0.6636338
0.568362
0.7628548
0.79547626
0.8480518
0.6585251
0.63267106
0.62030447
0.46947426
0.48869774
0.49658078
0.4021098
0.4059563
0.15818435
0.1491014
0.116730995
0.17075093
0.11763052
0.16355899
0.11950886
0.21749966
0.12063408
0.15145122
0.12828451
0.2029066
0.10853435
0.114153884
0.118460916
0.28485447
0.120869495
0.2529072
0.21873769
0.16605689
0.25480387
0.68431574
0.50997263
0.39027214
0.56446296
0.75371766
0.47146478
0.28253254
0.33733115
0.77384233
0.36252844
0.25541976
0.6152661
0.5119145
0.35909718
0.24445958
0.80561364
0.3092973
0.2682476
0.4479049
0.90009034
0.9188637
0.62634844
0.87796336
0.9346726
0.849272
0.7938062
0.46966895
0.9050388
0.5184498
0.23080516
0.3143836
0.9022368
0.26038167
0.2598816
0.6728474
0.9100678
0.35631934
0.44547728
0.92080003
0.5007682
0.43475062
0.71773475
0.8972291
0.6867718
0.7013254
0.89399016
0.932035
0.9008209
0.6978271
0.6589049
0.93519443
0.8929802
0.6234281
0.7118184
0.89326966
0.84645313
0.60113496
0.7038811
0.7308539
0.6364897
0.3975533
0.57150847
0.65766066
0.39708838
0.38121954
0.5843404
0.5036979
0.46707213
0.6651282
0.58793956
