0.1420226
0.32674912
0.3324945
0.24271631
0.22806549
0.25401464
0.2440644
0.2356053
0.22111636
0.26146874
0.25939673
0.26915357
0.3065956
0.24904448
0.36827016
0.17782979
0.27325937
0.24579754
0.18801655
0.18512508
0.23680393
0.16992317
0.15997426
0.28984082
0.29977724
0.114664435
0.2893727
0.5833266
0.30105114
0.27574262
0.6116086
0.87221175
0.6984242
0.7966424
0.7599054
0.6849253
0.84507555
0.8318457
0.6690287
0.572146
0.7676162
0.79784095
0.84881073
0.65651864
0.63497466
0.6226052
0.4653614
0.48950705
0.4993157
0.4126166
0.40719402
0.15506642
0.14753427
0.11509437
0.1646898
0.11519323
0.15828952
0.1159853
0.21099603
0.11786214
0.14677216
0.12405041
0.19971251
0.10512093
0.110461526
0.11290936
0.2799364
0.11496165
0.24570493
0.21470416
0.16137053
0.25070992
0.68941426
0.51932085
0.39533108
0.5695003
0.7606076
0.47588632
0.28215912
0.33735555
0.7778211
0.3671869
0.25523373
0.61827457
0.5125356
0.3588431
0.24198481
0.8074052
0.3066416
0.26859984
0.46035615
0.9002741
0.9182945
0.633338
0.8792975
0.9345771
0.849965
0.7962775
0.4752459
0.90512675
0.51730865
0.23411188
0.31493574
0.9040226
0.26682404
0.26780066
0.6824737
0.91102976
0.36417735
0.45081443
0.9208726
0.5148457
0.4440932
0.71810067
0.89792633
0.6941331
0.7038123
0.89466345
0.9326713
0.90107554
0.70246243
0.6689996
0.9358578
0.89234936
0.62989825
0.7199351
0.8948766
0.84832764
0.6106031
0.7115102
0.7354212
0.64175045
0.4044127
0.5757782
0.6567562
0.39491495
0.3815361
0.5835207
0.5074441
0.4713519
0.67085534
0.59269357
