0.12775029
0.27008203
0.29164183
0.17910957
0.17781807
0.20002979
0.18373933
0.16604196
0.14839207
0.20312145
0.2097082
0.21254222
0.21634163
0.24536617
0.3993143
0.22185656
0.43021923
0.35467842
0.2547125
0.31944168
0.5128324
0.27872732
0.23270153
0.4508545
0.5389728
0.2445702
0.31551415
0.61301553
0.3163125
0.49334857
0.7243259
0.8805391
0.60517865
0.7149462
0.8186172
0.70185447
0.80569917
0.795658
0.64260083
0.48476118
0.63476425
0.7410604
0.8060919
0.6584968
0.6255769
0.50168246
0.52763194
0.383496
0.44556427
0.2455746
0.3316537
0.21926104
0.20477356
0.14070344
0.23822719
0.17562173
0.23151462
0.18764785
0.22843969
0.1731696
0.41076964
0.30528033
0.23639351
0.31907415
0.61890864
0.2626594
0.40991828
0.39864632
0.6387779
0.28485876
0.32186347
0.52486753
0.7699386
0.69325846
0.6784526
0.5711788
0.6604394
0.45795155
0.36210942
0.24868979
0.5098208
0.29666138
0.17787829
0.21701953
0.283258
0.26012662
0.12673114
0.20273723
0.21179982
0.30506045
0.3711398
0.8179487
0.914565
0.66549367
0.8664831
0.9315613
0.8825781
0.83148056
0.33952612
0.8999653
0.8057631
0.20297933
0.25258255
0.8896983
0.3544604
0.1707425
0.51683265
0.9154687
0.28509274
0.2009859
0.81412446
0.6396452
0.28398892
0.47335878
0.8734191
0.69182324
0.66457325
0.8959424
0.9257742
0.8983344
0.86954457
0.69696546
0.9280731
0.82832825
0.6310826
0.6584965
0.8716975
0.84239894
0.7209177
0.68718773
0.6462894
0.53843504
0.44491664
0.5254693
0.58927524
0.37586313
0.51586086
0.58741647
0.483756
0.48590332
0.6727618
0.5828817
