0.1250275
0.26045758
0.21173464
0.15697645
0.12877367
0.17264919
0.14303295
0.14343096
0.11228927
0.1540685
0.14793943
0.18424407
0.1756436
0.17778414
0.3049853
0.16489142
0.24356787
0.23711915
0.24249879
0.24511689
0.35693032
0.21752343
0.20681189
0.3912362
0.39969417
0.11317694
0.23573141
0.5721875
0.254068
0.25642666
0.6637627
0.8651928
0.48912403
0.6836112
0.7086809
0.65854555
0.8042249
0.81405187
0.6355681
0.512016
0.7601487
0.7963674
0.834129
0.6689174
0.6174628
0.5472257
0.5604381
0.32783365
0.37558207
0.29391026
0.28139794
0.12911662
0.1742724
0.13860312
0.19404347
0.12491896
0.23741858
0.14297314
0.21011493
0.160501
0.22999083
0.21378058
0.2714504
0.24776378
0.33959457
0.18628275
0.42442867
0.24096282
0.33304387
0.2527812
0.2583498
0.44674397
0.60574555
0.60377765
0.44866237
0.47891438
0.63888985
0.40959057
0.27240074
0.25525948
0.46555623
0.2791392
0.18375358
0.23605803
0.29535127
0.2654733
0.16002777
0.2841389
0.283755
0.43551984
0.36765218
0.7785309
0.92036796
0.67928284
0.8464111
0.92246366
0.87555265
0.7403134
0.2547493
0.88794655
0.7612325
0.16719298
0.22380063
0.8919439
0.23326197
0.15689436
0.5945564
0.9134672
0.2967309
0.38961887
0.9111407
0.687272
0.38129494
0.67175
0.9198631
0.6900869
0.60525477
0.88309085
0.93934983
0.8940533
0.5722946
0.626678
0.9237667
0.84527254
0.6027449
0.7469063
0.88740975
0.82077557
0.6924079
0.73843473
0.6844578
0.61703765
0.42989165
0.5829954
0.6601079
0.4450375
0.49669233
0.5908951
0.50488794
0.4831906
0.66287076
0.5878591
