0.11849492
0.2804114
0.36150992
0.18926688
0.1921261
0.19988891
0.20292601
0.2165351
0.15265231
0.21201944
0.24484566
0.23752044
0.21997526
0.20245305
0.6680938
0.32096446
0.27979115
0.30497104
0.30049565
0.33925846
0.30987966
0.21487178
0.20402087
0.4457342
0.29164147
0.06524869
0.23914331
0.53727204
0.16760743
0.16828948
0.6752428
0.8858484
0.6344928
0.69923824
0.89635146
0.88719565
0.84396154
0.8510093
0.75671625
0.5603457
0.6648264
0.77821034
0.7748052
0.42476538
0.5315739
0.5186567
0.3639773
0.2058477
0.25814125
0.14476088
0.13565613
0.10163223
0.13734894
0.11609226
0.14592181
0.106671505
0.17470047
0.118513
0.20604366
0.13018866
0.16204597
0.1584962
0.17319849
0.13141054
0.13290061
0.14058076
0.27517578
0.16898821
0.21490137
0.19336027
0.18252163
0.21068428
0.544699
0.38973254
0.3358446
0.32477415
0.4539759
0.3095307
0.22491422
0.28014293
0.58234626
0.29384094
0.29538637
0.50878274
0.4013036
0.30679289
0.24377614
0.7090451
0.30903605
0.35632262
0.5089034
0.87719375
0.91106665
0.65694165
0.88393915
0.92822987
0.84236884
0.79495
0.42496154
0.8783932
0.48708498
0.23690082
0.25448507
0.87841773
0.23205347
0.21112627
0.601007
0.9022528
0.32845113
0.3757854
0.90730673
0.6981441
0.44500038
0.6879835
0.90036565
0.7402359
0.66425604
0.8810336
0.94066936
0.91790116
0.6119558
0.6057049
0.93233335
0.8898505
0.5838176
0.67230594
0.9078194
0.8555573
0.5041133
0.6866391
0.7366721
0.6126019
0.36984235
0.5990195
0.6743118
0.412457
0.40961376
0.62444156
0.55890656
0.49151444
0.6870671
0.62464607
