0.17039463
0.32232186
0.27361915
0.2132722
0.19574758
0.1870748
0.1794238
0.2029744
0.17209311
0.19845971
0.22570549
0.30971268
0.22496237
0.24258599
0.5932498
0.2274591
0.25072733
0.24427612
0.27938464
0.24943756
0.26968518
0.20896241
0.19279812
0.34688684
0.29163933
0.12841642
0.19892275
0.4261074
0.29771477
0.31868201
0.670788
0.8733646
0.6488475
0.7343967
0.69834334
0.74414474
0.833671
0.82431537
0.6610632
0.51863796
0.74375176
0.7727887
0.84843016
0.6316212
0.5863214
0.57773155
0.6309751
0.32596448
0.36593816
0.30811325
0.35093603
0.12200905
0.16961196
0.14037023
0.21056356
0.11559772
0.24368136
0.16922595
0.22468786
0.13750507
0.1796848
0.21833548
0.21464926
0.138915
0.1834802
0.11017485
0.21877135
0.12728746
0.24565375
0.15728204
0.17613454
0.39718667
0.75869846
0.49830595
0.65743196
0.65817195
0.7237659
0.47379768
0.2698418
0.2623756
0.47561848
0.28024152
0.1655997
0.32836643
0.31497753
0.26672179
0.17478225
0.4945852
0.29261845
0.68086904
0.42373294
0.7912309
0.90800923
0.57957345
0.82418835
0.9256016
0.8637993
0.7319153
0.3030584
0.88685864
0.7754488
0.16505095
0.18546577
0.8772692
0.16413836
0.116576485
0.4892984
0.8893307
0.19725555
0.24359699
0.89378285
0.5447213
0.40161696
0.656777
0.90425384
0.74619156
0.72262996
0.891177
0.92626166
0.8943461
0.61597687
0.60936886
0.9298791
0.86753404
0.5660903
0.65305185
0.8974221
0.8423771
0.6263388
0.6758867
0.74268186
0.6235687
0.40186793
0.58252794
0.66402334
0.39003542
0.3587986
0.59070385
0.52496314
0.46566114
0.65099275
0.5848257
