0.1381993
0.3144391
0.29008427
0.2266082
0.22846594
0.26984844
0.21735738
0.2086719
0.20688228
0.24896826
0.22297826
0.22999708
0.24285589
0.21515903
0.35119426
0.21391015
0.27507487
0.24536298
0.26298156
0.29239273
0.34629324
0.25211203
0.21440563
0.32297763
0.51159805
0.19025642
0.23488858
0.4896314
0.3082428
0.23652063
0.74316216
0.8880182
0.62101495
0.74503183
0.82047564
0.7472922
0.8183411
0.79332155
0.70641243
0.53191406
0.74387467
0.7973325
0.8262583
0.5306487
0.5536539
0.61961293
0.5417541
0.46008372
0.51826227
0.30261743
0.2533593
0.22454876
0.21431737
0.16169676
0.2339099
0.19845168
0.22575131
0.16739458
0.21409035
0.15033957
0.24320519
0.1897156
0.1622238
0.114503115
0.25497478
0.1388298
0.1522055
0.24582279
0.55491054
0.3271415
0.4755823
0.41208354
0.6943497
0.73637635
0.66606426
0.5171014
0.71883714
0.41929194
0.4186096
0.28414986
0.56147647
0.38781205
0.25721344
0.4219699
0.3398058
0.34287128
0.32513323
0.5832336
0.22552049
0.28413048
0.32867068
0.8097879
0.7930603
0.5846093
0.8894031
0.9387111
0.8602383
0.8106694
0.6680954
0.9053144
0.69883174
0.33813182
0.6001869
0.92069936
0.3261357
0.14561398
0.6373532
0.89891016
0.23090826
0.1731601
0.8843996
0.59938425
0.32169163
0.46263236
0.8622047
0.7734084
0.5508757
0.87006164
0.9050998
0.9083339
0.77641016
0.62706167
0.91963786
0.8515402
0.5242133
0.51673436
0.87892914
0.85208696
0.565154
0.62063354
0.6921608
0.68909544
0.3963562
0.53112036
0.6367882
0.33578503
0.34782097
0.5614995
0.53493994
0.476047
0.66578335
0.58302355
