0.15077718
0.29086447
0.2871784
0.18581955
0.17089354
0.18087398
0.18881069
0.17186375
0.11809928
0.17007753
0.22042438
0.21590896
0.18472573
0.29431394
0.61795187
0.2460957
0.23397961
0.20184132
0.21440102
0.18566652
0.2303885
0.2559011
0.23704492
0.33011505
0.38613144
0.22738995
0.40547615
0.7217119
0.3995876
0.5892982
0.80587804
0.89291257
0.7107213
0.80060685
0.88571644
0.7759997
0.8373055
0.8731519
0.74237454
0.5082858
0.77725315
0.79846746
0.8207728
0.40955105
0.5147802
0.5788957
0.24364184
0.2842817
0.35658646
0.32007807
0.35079512
0.23553988
0.3131634
0.38293466
0.38721833
0.3342059
0.74756217
0.5596427
0.34140372
0.33739626
0.6595189
0.5742329
0.36012632
0.5469568
0.7393469
0.2219091
0.38219258
0.38645184
0.46131635
0.13604034
0.14481848
0.4242067
0.67649674
0.4708068
0.4990342
0.62539095
0.59747845
0.5195134
0.22803973
0.19232537
0.22767805
0.18938777
0.16737531
0.092400536
0.18915221
0.29691285
0.16246204
0.20424256
0.28730616
0.7848008
0.487902
0.73818624
0.91779244
0.7285689
0.8448406
0.92422634
0.9007919
0.7706633
0.2848433
0.90308464
0.7836899
0.15827326
0.23273215
0.905474
0.24943237
0.19217563
0.7051445
0.9109246
0.3061683
0.35857522
0.9096479
0.6400389
0.39334556
0.67252755
0.89950854
0.687143
0.6238708
0.87145716
0.8935818
0.8837648
0.6783302
0.7210137
0.9360728
0.86496395
0.6519388
0.7622307
0.90840214
0.8631157
0.6770945
0.74721384
0.7451747
0.6799455
0.49344093
0.6182867
0.69000685
0.46007782
0.5339375
0.6270645
0.5468705
0.49528158
0.6384419
0.58063084
