0.1783123
0.33114088
0.2814493
0.1867537
0.18950798
0.15800337
0.15248369
0.15354146
0.1236356
0.16340543
0.18564506
0.21224327
0.18011573
0.2184049
0.47391734
0.20256694
0.2691205
0.30174506
0.33529347
0.2954606
0.42524946
0.27001303
0.24026868
0.4379307
0.4675325
0.15964401
0.3098555
0.59206027
0.34733698
0.50504863
0.7940817
0.8871693
0.6239547
0.68215215
0.71659106
0.7114988
0.83584756
0.8599355
0.67788684
0.5085559
0.7549308
0.78784704
0.83858716
0.60057396
0.58175474
0.5440665
0.61577636
0.3049685
0.4326568
0.33346137
0.3358271
0.11915636
0.18193114
0.1464304
0.20513503
0.12286051
0.31222525
0.22596513
0.26043814
0.18088293
0.26906955
0.30071005
0.40446603
0.31428418
0.529033
0.19792597
0.39730653
0.33103085
0.4309628
0.19535136
0.22488473
0.54294086
0.7635461
0.66749763
0.6528292
0.6749932
0.66886926
0.42485666
0.27308944
0.24842586
0.45370838
0.2623476
0.1760855
0.29891777
0.28675327
0.22616768
0.14446582
0.27008218
0.2474845
0.38020054
0.3629236
0.78701174
0.9189685
0.6664118
0.8425129
0.92217803
0.8722777
0.7358667
0.24929602
0.8902665
0.77908677
0.17416853
0.22565521
0.89670575
0.24158321
0.15521197
0.5870976
0.9140059
0.28367394
0.35403636
0.9090026
0.7144712
0.40410328
0.65032613
0.9245484
0.7772656
0.67355967
0.8903022
0.9507529
0.92078984
0.63544166
0.6568064
0.9363207
0.8833472
0.5691064
0.6902313
0.90500176
0.84672636
0.4967664
0.7231014
0.76838666
0.6129707
0.4060081
0.61457604
0.6868812
0.41138804
0.4327244
0.63237226
0.5426066
0.49025396
0.6738488
0.6000916
