0.17457096
0.31564128
0.24180418
0.16364953
0.15570205
0.13744953
0.13247508
0.12764151
0.103380226
0.13205546
0.1355592
0.16582267
0.14546348
0.16604689
0.492235
0.18542817
0.2189947
0.22879177
0.21926549
0.24159043
0.3373287
0.2151842
0.20643759
0.30617872
0.45776433
0.101782575
0.26796168
0.5800758
0.2593505
0.22709717
0.753577
0.88999796
0.613776
0.79063195
0.8237
0.73012555
0.8305871
0.8665593
0.7128694
0.5476637
0.75951713
0.8018819
0.85156703
0.6718171
0.62857026
0.5709949
0.616063
0.34610617
0.35226417
0.273494
0.25465792
0.14014949
0.17561087
0.13729276
0.18336299
0.14377588
0.19615512
0.12795985
0.22144558
0.16913673
0.20613816
0.20037703
0.23389733
0.1831123
0.27171093
0.19881462
0.33533084
0.16794465
0.25791892
0.22712265
0.18187034
0.23963283
0.5684457
0.3485349
0.24635725
0.36899784
0.6160863
0.3728457
0.26177624
0.32116598
0.6860277
0.3053469
0.22356491
0.46574482
0.34669545
0.251333
0.14116597
0.35374808
0.2822991
0.33398837
0.3154603
0.82516485
0.91433454
0.6512339
0.8548773
0.9318198
0.88454473
0.78059167
0.30712122
0.899265
0.78019905
0.122333236
0.19878933
0.8958723
0.21302806
0.12084013
0.47872323
0.9068018
0.23786306
0.23772167
0.9069829
0.85217625
0.3775905
0.625623
0.9213374
0.74481803
0.6239484
0.87668484
0.94405675
0.89766496
0.5649802
0.6513052
0.92326385
0.84960514
0.59538025
0.76438475
0.88378686
0.82640874
0.7218435
0.7511083
0.67808753
0.61120147
0.4800243
0.58472437
0.66056955
0.45172167
0.51020205
0.5965319
0.5126342
0.48459893
0.6573308
0.58593845
