0.29242665
0.45481497
0.5982004
0.57978785
0.71416473
0.7372756
0.69153243
0.59180635
0.7278865
0.75087535
0.7789887
0.43739483
0.54573256
0.5750071
0.38991103
0.3225677
0.41867554
0.30085844
0.3363542
0.24506272
0.24273966
0.18378688
0.26953623
0.22332907
0.23680167
0.1599336
0.2206887
0.18322088
0.30058837
0.26152232
0.28592178
0.30859318
0.47844714
0.23450422
0.5264644
0.36909282
0.36166143
0.2390019
0.2764202
0.47315338
0.6735894
0.6022625
0.4207499
0.4446806
0.48419335
0.36940622
0.24962689
0.27159548
0.43924695
0.29128012
0.2383564
0.34804943
0.35600105
0.37448618
0.25586537
0.47227547
0.41930553
0.6624185
0.619165
0.8604952
0.9345067
0.7917517
0.88627386
0.9415179
0.9115012
0.849877
0.42720854
0.9326552
0.8059201
0.2179207
0.2789171
0.9092164
0.2737512
0.21080388
0.6820562
0.9107467
0.34499976
0.36726156
0.92243326
0.82432455
0.5670511
0.72726744
0.9364097
0.8065714
0.72286797
0.8959507
0.91923314
0.935069
0.6649508
0.67865473
0.9403203
0.91347855
0.606271
0.66652757
0.91292244
0.8754143
0.6317439
0.72597367
0.7952606
0.73446226
0.44238502
0.64513916
0.66944224
0.31225666
0.34324542
0.58829165
0.49899077
0.420253
0.6607309
0.62609273
