0.1617444
0.30853176
0.24241611
0.17096649
0.18761243
0.15439858
0.14506266
0.14949541
0.11326269
0.15520723
0.18438844
0.19081463
0.18118517
0.18707408
0.52492714
0.19772966
0.2596381
0.24222939
0.20721503
0.2119914
0.30253747
0.20081107
0.16482182
0.3512021
0.46122372
0.08801392
0.23432484
0.6277919
0.24629058
0.1602177
0.6758207
0.88969994
0.607496
0.74521196
0.82550794
0.72152585
0.82029426
0.8348388
0.6741208
0.5363592
0.7007181
0.76340246
0.8420079
0.66564345
0.6081957
0.55038226
0.61282283
0.33327308
0.35130262
0.28470808
0.29402113
0.16938137
0.19923162
0.16566886
0.29243928
0.16388743
0.21439773
0.14135423
0.2160743
0.15384428
0.19069418
0.201463
0.1814838
0.1450498
0.19257352
0.1535735
0.26158428
0.14527883
0.21051767
0.17820583
0.22810441
0.29808363
0.5970736
0.4127974
0.5532605
0.5314665
0.4866845
0.39870518
0.26858234
0.22927752
0.29737952
0.2699496
0.19161744
0.19790956
0.2707414
0.40843397
0.24795772
0.6144085
0.399309
0.8018515
0.6722016
0.8100151
0.913169
0.6566316
0.8388246
0.928218
0.86919373
0.7634692
0.3392736
0.8909326
0.76364917
0.18568897
0.2040058
0.8950955
0.17794329
0.12476192
0.5351536
0.9004757
0.20952891
0.20633519
0.90244293
0.5427309
0.3622342
0.56373256
0.8980147
0.7038497
0.65250075
0.8915802
0.93415487
0.8904657
0.62837285
0.6301627
0.9310219
0.8456161
0.58003426
0.6927993
0.8943658
0.82159096
0.6902116
0.7160042
0.6580751
0.5798788
0.49002713
0.599485
0.6800095
0.48945415
0.561332
0.66455054
0.58292806
0.5414886
0.685883
0.58552486
