0.16954975
0.4298233
0.3909997
0.2360113
0.2518995
0.2909395
0.19319484
0.16706985
0.11181681
0.1765421
0.14850834
0.14930975
0.16073632
0.2131294
0.13631369
0.21925123
0.3482376
0.3504309
0.27865434
0.3294278
0.45587426
0.29592058
0.21642284
0.3825117
0.54302114
0.12223884
0.23755902
0.46370873
0.2925821
0.27825963
0.65437555
0.87149155
0.5494163
0.7189644
0.7714832
0.675641
0.8064716
0.8073621
0.64831805
0.51002705
0.68081456
0.7751843
0.841794
0.6612042
0.6152519
0.57741666
0.59778565
0.35940316
0.37641498
0.3236487
0.3371356
0.19435449
0.19687007
0.17614372
0.23991528
0.1666629
0.23724236
0.15932915
0.23707247
0.14076233
0.21148458
0.25036383
0.16782127
0.17597912
0.25236908
0.1601578
0.30388498
0.1954134
0.25550097
0.19349875
0.27056578
0.3188563
0.58987737
0.37788004
0.32417414
0.48089978
0.35530272
0.32878208
0.2951938
0.28893104
0.48025328
0.22869137
0.18962815
0.30847922
0.27675724
0.23163953
0.16874908
0.48296842
0.29935446
0.323004
0.3947488
0.84960353
0.9118179
0.7268451
0.8741794
0.9340186
0.89478856
0.80846804
0.37571156
0.9067388
0.7750626
0.19921319
0.32420388
0.9281531
0.4455975
0.20500444
0.65273374
0.912438
0.31795374
0.28716728
0.91841865
0.858255
0.37860113
0.61837244
0.9302388
0.72501224
0.576849
0.87426066
0.94326675
0.89956176
0.5813468
0.6896887
0.92705935
0.8464779
0.64268595
0.77449
0.8830616
0.8196464
0.7061463
0.7356539
0.6911034
0.6359688
0.49956712
0.59976083
0.673618
0.47633818
0.5379816
0.61051786
0.5219456
0.4982943
0.66648644
0.59462047
