0.1408651
0.33499968
0.33279535
0.23421519
0.21620208
0.2512088
0.20080906
0.20612249
0.13188705
0.1898384
0.21423928
0.20921192
0.1707099
0.18864231
0.33968297
0.18322024
0.21779433
0.2376126
0.252582
0.22014163
0.2848267
0.20764922
0.1740713
0.26042542
0.33418858
0.12105243
0.25533018
0.53635275
0.2944178
0.26726
0.7086053
0.88384396
0.60498184
0.66709745
0.71833175
0.6955744
0.8211422
0.8137272
0.6496273
0.4964899
0.75204396
0.7832625
0.84467566
0.62092006
0.5910532
0.5379139
0.6082869
0.32206875
0.42269814
0.35812855
0.46145213
0.2580584
0.22819185
0.19439548
0.30378422
0.17500372
0.2599174
0.18668915
0.30102056
0.17256299
0.27529192
0.28683332
0.38084018
0.239713
0.3361041
0.17912555
0.4584087
0.3095551
0.2847748
0.18288225
0.4042405
0.41185883
0.33814898
0.4564134
0.67190117
0.49875143
0.32103854
0.49106234
0.35778043
0.2518145
0.3463613
0.28862312
0.2001255
0.21527277
0.27024117
0.23755255
0.17802425
0.27031884
0.2407385
0.341272
0.30144742
0.7688354
0.9198443
0.699001
0.8520094
0.92260885
0.8832129
0.7720148
0.30670467
0.8936766
0.8076576
0.18425265
0.24368878
0.9045299
0.27672434
0.17205057
0.61355406
0.91673034
0.28906983
0.32671973
0.90631944
0.6565315
0.3384964
0.60709304
0.9158526
0.6681771
0.6119479
0.88316756
0.9374193
0.8807411
0.57646716
0.65581465
0.9243973
0.7982365
0.58785343
0.7566997
0.88575536
0.81438315
0.69845414
0.73890483
0.6676906
0.59208727
0.46555012
0.588657
0.6586534
0.44887492
0.5077958
0.5956731
0.5067848
0.48367774
0.65135455
0.581239
