0.110781774
0.21742047
0.24990872
0.15775493
0.16923892
0.15512477
0.16133781
0.18893164
0.19162554
0.21120678
0.2518709
0.46428168
0.54615426
0.33231443
0.62062514
0.48709315
0.49720758
0.52192664
0.52592427
0.47528008
0.4392766
0.5290552
0.2828092
0.37429836
0.42367736
0.11578891
0.23924343
0.52875787
0.20980147
0.21123597
0.75945467
0.8674122
0.69908124
0.77383476
0.8834781
0.76628536
0.8251107
0.82714266
0.6869585
0.4669253
0.683062
0.7455943
0.8423631
0.45507473
0.49945235
0.45490023
0.62554
0.25747436
0.46155423
0.37930477
0.44653806
0.24918196
0.27757043
0.4193724
0.38072208
0.17366125
0.2753135
0.28095707
0.28837314
0.07490795
0.2194156
0.19681478
0.07036753
0.1249547
0.21707255
0.1235463
0.19573824
0.4502826
0.4535016
0.18123004
0.3106957
0.48763707
0.50567174
0.47952342
0.6403029
0.7343696
0.3555702
0.3519886
0.40285152
0.30614668
0.37097704
0.22606426
0.23182656
0.33934957
0.23594789
0.33874986
0.23888458
0.24359466
0.14869161
0.25406718
0.32562286
0.81482416
0.91295195
0.5828247
0.8774809
0.91793835
0.8536707
0.8207824
0.6379812
0.92245406
0.6890971
0.24951336
0.36906448
0.9013394
0.14298439
0.16518454
0.66603243
0.8934568
0.2758763
0.52849466
0.91695845
0.62212384
0.44841823
0.66087574
0.9029753
0.58346474
0.59041744
0.89649713
0.8893464
0.90362775
0.80185014
0.5613066
0.9093619
0.8172875
0.51983315
0.62273484
0.88975185
0.84515995
0.5915885
0.47189313
0.58002293
0.40591255
0.4095341
0.4484563
0.5469471
0.27222654
0.532488
0.6380066
0.38344985
0.5446547
0.8513311
0.7394214
0.27890477
0.4323735
0.68595487
0.19071123
0.22710362
0.7053777
0.65117943
0.30786455
0.6115228
0.8388528
0.62710845
0.5269588
0.85780036
0.8375208
0.8738879
0.6022487
0.6723394
0.9078403
0.6828474
0.55329454
0.6677404
0.89022464
0.81591356
0.6012939
0.68875307
0.74011314
0.60338813
0.2885572
0.43432015
0.6081007
0.20392586
0.38297608
0.45827988
0.48017037
0.3914392
0.57574207
0.3559843
