0.16612971
0.3168586
0.26964054
0.21081969
0.19332352
0.1860705
0.17926812
0.20390084
0.17309405
0.20050594
0.22858189
0.31339154
0.228218
0.24629986
0.59989107
0.23257345
0.25244734
0.24457522
0.2834572
0.2546601
0.27447098
0.21295685
0.19816728
0.3584001
0.30292642
0.13275343
0.21233717
0.44800085
0.31088707
0.34029263
0.6907387
0.8759237
0.6581988
0.7363719
0.70467395
0.7466217
0.83405304
0.82538354
0.6646375
0.52071285
0.7410246
0.77417743
0.8492932
0.63065016
0.585211
0.5779806
0.6313077
0.32543552
0.3647798
0.30711448
0.34797573
0.12205461
0.1692658
0.14071447
0.21131124
0.115578346
0.2449735
0.17137358
0.2271077
0.13984527
0.18398121
0.22344379
0.2228006
0.1473796
0.19013825
0.11434853
0.22692035
0.13537042
0.24890685
0.15857343
0.182251
0.403011
0.7590552
0.49779114
0.6599807
0.6578352
0.7241711
0.47576097
0.27534205
0.26702252
0.47645372
0.28167287
0.16850281
0.32942834
0.31211525
0.2663977
0.17527817
0.49104828
0.28509524
0.6786581
0.41540068
0.78633165
0.90485907
0.5723578
0.82904035
0.92474777
0.85544515
0.74652714
0.30878323
0.8807509
0.7316383
0.16639116
0.18599004
0.8740097
0.16658251
0.14474636
0.48664725
0.8856605
0.1841488
0.22620188
0.8845017
0.5232236
0.37486246
0.634059
0.9074314
0.79124224
0.7405696
0.88316244
0.92508686
0.88713694
0.5768484
0.6108619
0.9263127
0.85573095
0.5674463
0.68578804
0.8974841
0.8352404
0.6175866
0.66692334
0.7381356
0.6166916
0.39540556
0.580492
0.6624909
0.38410974
0.35273784
0.5933972
0.527832
0.4640842
0.6430798
0.584163
