0.16237018
0.31498554
0.2519697
0.2203819
0.2120717
0.21996835
0.17384307
0.17505927
0.1457356
0.17066438
0.19135344
0.18828441
0.16724
0.17486003
0.34098884
0.20719317
0.27284816
0.24999636
0.23823492
0.28672427
0.3915641
0.30750778
0.2427148
0.42505792
0.5731567
0.102113456
0.27442068
0.754231
0.34314197
0.18740211
0.6817394
0.89880306
0.652122
0.71636504
0.8184531
0.7107042
0.81184596
0.8275817
0.67042017
0.55165446
0.6643201
0.7356923
0.83442485
0.65172356
0.5986552
0.5186526
0.57254905
0.27815166
0.32196602
0.25355452
0.2503179
0.12987657
0.18974878
0.1753165
0.27080312
0.16336553
0.30427587
0.23620832
0.27789906
0.18570007
0.29437864
0.23465139
0.24746798
0.1810057
0.23567957
0.14131172
0.26448643
0.25552538
0.31597856
0.23839687
0.4895459
0.53569716
0.77242583
0.73762846
0.69346315
0.5839031
0.6613656
0.36181012
0.26944605
0.23676215
0.402526
0.24889338
0.20348075
0.47343257
0.28903404
0.41872606
0.30451232
0.73649275
0.32391906
0.697871
0.5365467
0.7723049
0.9051044
0.5535488
0.8142533
0.9247191
0.85053945
0.6928372
0.23724191
0.89063275
0.7352861
0.19339441
0.24344935
0.9151518
0.23103642
0.19450791
0.68690574
0.9003276
0.22202595
0.3023506
0.9110447
0.6717259
0.35953763
0.64815617
0.92674434
0.69467306
0.5700917
0.87280923
0.9394789
0.87605405
0.57173884
0.7444632
0.92811173
0.7974017
0.64216083
0.7977267
0.8805942
0.8107707
0.69809103
0.72395813
0.6499736
0.6064101
0.47769162
0.57791644
0.6515785
0.4408395
0.49106178
0.6011614
0.50679594
0.48693368
0.64453155
0.58452123
