0.1428707
0.29895264
0.29418117
0.19881326
0.18631671
0.1893249
0.18880056
0.17666027
0.15201959
0.18461396
0.18761885
0.21412952
0.21079196
0.21655191
0.40166962
0.19852728
0.32547113
0.25371954
0.28335053
0.31211248
0.36845568
0.22594193
0.20314558
0.41148075
0.35254756
0.1174675
0.24978921
0.4983133
0.28218308
0.33035207
0.7542932
0.8738242
0.6510082
0.746209
0.72896665
0.7222507
0.8188362
0.83689153
0.67880636
0.54305273
0.758073
0.7975838
0.82585824
0.57053053
0.5192123
0.4740909
0.42817524
0.2768688
0.33197817
0.2558518
0.23366512
0.1537255
0.19224408
0.16986416
0.2046301
0.15492989
0.24426799
0.19461395
0.26558653
0.15727812
0.23523563
0.17526822
0.16377941
0.12872799
0.13331741
0.11685168
0.17420144
0.15754738
0.2811043
0.23253092
0.41874257
0.27399698
0.721436
0.6662832
0.41849133
0.3353769
0.57273686
0.3654991
0.33048356
0.295628
0.47468567
0.27352595
0.24767633
0.35607025
0.28072903
0.26690564
0.18491215
0.42725036
0.382522
0.6304044
0.46990147
0.8530532
0.92398685
0.73713773
0.8692834
0.93637896
0.8796372
0.81735665
0.48955658
0.9162657
0.607367
0.21243747
0.29541284
0.91113734
0.23586392
0.2309939
0.57741
0.9067888
0.3044908
0.29012528
0.91213596
0.7176014
0.43716574
0.6441017
0.91841483
0.8510665
0.7069798
0.87230295
0.937884
0.9007006
0.58538663
0.64484215
0.9279985
0.8609254
0.56286424
0.7098692
0.8934322
0.814317
0.5851694
0.7426072
0.7413362
0.5928803
0.4519127
0.62173325
0.67886895
0.40405148
0.4481729
0.6292202
0.5394738
0.48984057
0.66560584
0.59298784
