0.18382592
0.34892887
0.3016924
0.19076183
0.17608729
0.1807269
0.17170145
0.17047398
0.15036692
0.19743378
0.20377904
0.24187751
0.2129984
0.25000808
0.58564377
0.2123011
0.2734761
0.3435476
0.25380057
0.2187324
0.27525246
0.21000913
0.19092499
0.3687507
0.36084834
0.12967388
0.3038695
0.61482054
0.32151297
0.4132372
0.815051
0.88949835
0.7041758
0.79735845
0.83558613
0.76561725
0.84321594
0.84891725
0.6855944
0.5190236
0.7430175
0.77721
0.84557056
0.6417091
0.5906928
0.5484758
0.6589219
0.43722534
0.44503012
0.34649166
0.41451058
0.1516269
0.18282673
0.14463902
0.20506515
0.111111015
0.21838254
0.15023635
0.19327006
0.11681083
0.19275633
0.21376415
0.193923
0.15224428
0.22476196
0.12553768
0.22914305
0.1611941
0.2304085
0.14277208
0.19028518
0.35304317
0.60249245
0.4256553
0.5678841
0.50091624
0.40970978
0.41723424
0.49562612
0.28284013
0.4569284
0.36483303
0.23100285
0.2494374
0.27498943
0.30737478
0.15269049
0.2786101
0.2698036
0.7497318
0.4043099
0.7215243
0.90839833
0.63136876
0.85178876
0.9287521
0.88829786
0.8035996
0.3598586
0.892548
0.8155911
0.19631921
0.2100214
0.9000196
0.18195164
0.16388254
0.52240694
0.89872015
0.22215414
0.26175383
0.9041805
0.61814797
0.40344957
0.6598259
0.91683245
0.72850686
0.73576903
0.8861359
0.9289068
0.893453
0.62032586
0.6390684
0.9288459
0.86680263
0.59909016
0.72198194
0.90258455
0.84631103
0.642222
0.6932413
0.73419565
0.64060014
0.43564546
0.62412506
0.6841909
0.43239293
0.47686508
0.64357275
0.56900567
0.49816692
0.64138913
0.5881092
