0.18121064
0.34835795
0.3036814
0.192901
0.17468347
0.18031728
0.17129079
0.16928084
0.14991662
0.20329641
0.19980624
0.24483296
0.2163893
0.25644526
0.5975453
0.21688308
0.27830708
0.36008853
0.26480433
0.23490919
0.2884242
0.21696813
0.2014229
0.39761257
0.38527006
0.14179292
0.3299285
0.644079
0.33986628
0.4462751
0.8246065
0.89258105
0.71611005
0.8014557
0.8387389
0.7678781
0.84418476
0.8528038
0.69200957
0.5287166
0.7531694
0.78139
0.84680915
0.64760077
0.5982429
0.5481404
0.65545565
0.4373214
0.44069147
0.33087128
0.40258172
0.15759344
0.18098494
0.13295877
0.1798324
0.123746604
0.21445327
0.13912372
0.22901088
0.16738582
0.24189414
0.22700317
0.2721002
0.17493774
0.19132626
0.13919024
0.36627746
0.2613939
0.30032745
0.28032288
0.6027916
0.4238017
0.7610584
0.8277928
0.6102925
0.5759104
0.71572596
0.5060414
0.2545309
0.24386005
0.6326489
0.29483533
0.19373222
0.54164326
0.34092423
0.35013816
0.22473916
0.702771
0.28150216
0.6647558
0.43593535
0.7741344
0.89768034
0.5518067
0.8256645
0.92855656
0.8603658
0.763618
0.3131189
0.8891235
0.78245896
0.19653118
0.20504588
0.89690334
0.17778769
0.156705
0.50936675
0.89673847
0.20731589
0.25975648
0.8993492
0.62129265
0.40510547
0.64710075
0.91284794
0.726846
0.7224264
0.8862074
0.9356528
0.89789355
0.636307
0.67096585
0.93187445
0.86797905
0.5861766
0.7090588
0.89844686
0.83699614
0.61319226
0.716376
0.73966974
0.5922271
0.43074185
0.6036032
0.6752772
0.39486757
0.42504558
0.6251136
0.5347434
0.48274156
0.65197647
0.5863685
