0.113404535
0.14428233
0.2001526
0.14455281
0.13179384
0.15151355
0.14859597
0.16436708
0.12978788
0.18895091
0.2057508
0.18748164
0.16797028
0.200586
0.31886023
0.17230865
0.21791066
0.24043007
0.24319552
0.3005365
0.31662145
0.26257512
0.29996696
0.4007943
0.6199841
0.17382057
0.37448126
0.6103235
0.32394153
0.36188304
0.7575603
0.89120144
0.66255397
0.7282428
0.76199085
0.7412368
0.82233936
0.8162146
0.67898554
0.47457895
0.6974249
0.74555796
0.76764005
0.52863574
0.3902137
0.38862106
0.18966372
0.21650866
0.26392087
0.17885993
0.2022352
0.11117867
0.17423801
0.19810796
0.21614192
0.18357109
0.5250003
0.2974332
0.38395518
0.46219286
0.5619938
0.30470276
0.24271084
0.2742033
0.5448118
0.13066444
0.22491457
0.31724843
0.5478841
0.16724433
0.22544657
0.46324432
0.7183746
0.43402636
0.6039024
0.77722675
0.7355742
0.32150134
0.37079623
0.35129842
0.4937375
0.27270573
0.24272837
0.36395922
0.2867682
0.29812273
0.31705984
0.26595592
0.17679179
0.25457492
0.46645835
0.8331685
0.8048533
0.5589063
0.88177705
0.9337212
0.8282357
0.8098684
0.42500848
0.8997404
0.55255115
0.15928161
0.3444259
0.9311881
0.42422405
0.20029105
0.70780444
0.92555016
0.4112327
0.2978839
0.8895975
0.8773078
0.43708566
0.43305603
0.8557581
0.659392
0.46705517
0.4953209
0.7033046
0.92869484
0.8363583
0.661734
0.934258
0.89203215
0.62776077
0.6508526
0.89750534
0.852415
0.5746269
0.6533323
0.73980844
0.57366663
0.4045445
0.5494834
0.5913971
0.3012733
0.3766893
0.5659934
0.45213866
0.46269593
0.64974064
0.58998686
