0.18782654
0.34379423
0.355446
0.22108875
0.18877614
0.2263517
0.20024
0.17631407
0.1239146
0.2011528
0.2295465
0.24528682
0.23214793
0.3755935
0.6731503
0.25338945
0.40226138
0.40713513
0.33903202
0.37996158
0.53889847
0.28005567
0.2396811
0.48267302
0.52273947
0.09859458
0.2193184
0.56260705
0.2185228
0.15889886
0.50932443
0.872559
0.5785257
0.7332303
0.84281826
0.7479349
0.843214
0.8626112
0.7732322
0.581192
0.76503146
0.800818
0.8422283
0.5511496
0.51082367
0.519086
0.42126805
0.28389636
0.4147552
0.2686201
0.3148512
0.15860558
0.16735487
0.13183905
0.25064173
0.17160971
0.1921558
0.13558383
0.20178117
0.119040355
0.13239715
0.13217467
0.19047406
0.115303524
0.11626599
0.11856657
0.19104986
0.13615587
0.20072646
0.18265063
0.20465483
0.35631266
0.7050391
0.6057403
0.6638149
0.54830843
0.5542389
0.36481974
0.38681373
0.35671085
0.6244115
0.33879364
0.26803306
0.32996234
0.33542213
0.2111188
0.15351373
0.25753132
0.22331601
0.2632638
0.39311743
0.8728519
0.91420513
0.709692
0.8894925
0.9399194
0.88881403
0.8345862
0.5059934
0.8967473
0.5035362
0.16541307
0.36227787
0.9191497
0.434496
0.20430647
0.655473
0.93785036
0.39451137
0.31013882
0.9193925
0.9098304
0.45281926
0.34658656
0.82438743
0.83037686
0.4541506
0.46404776
0.92916435
0.9467485
0.62390006
0.5364469
0.9362444
0.9005683
0.57650906
0.5971183
0.9071989
0.86277735
0.46361268
0.6729944
0.7482682
0.5853401
0.29245818
0.54441375
0.6533305
0.36184976
0.3929075
0.5766326
0.5078812
0.48374575
0.6956749
0.610261
