0.16568172
0.3171344
0.24926409
0.18356664
0.17052624
0.19367936
0.16402167
0.1651197
0.12800229
0.16973163
0.1792801
0.18949002
0.16952531
0.19072413
0.5823919
0.20085527
0.2642356
0.27652985
0.31125814
0.2782345
0.3202341
0.25106567
0.22063924
0.41245922
0.43719393
0.10194457
0.29677305
0.66991293
0.28036246
0.18263867
0.7215628
0.8927842
0.6038043
0.73291683
0.84868073
0.7182266
0.818344
0.8410894
0.678928
0.5333789
0.6744009
0.746863
0.8384712
0.6519757
0.6012889
0.5279327
0.5744539
0.28155038
0.32291248
0.26227152
0.2608241
0.13600941
0.19416663
0.18246521
0.27957004
0.16597095
0.3075481
0.24150068
0.28297102
0.18864179
0.2990296
0.23866418
0.2503609
0.18193935
0.23731007
0.14367667
0.26692396
0.26262513
0.31607392
0.24332884
0.5024132
0.5354912
0.77333677
0.73857266
0.6943883
0.5851822
0.6636197
0.35815805
0.2685133
0.2407698
0.3981727
0.25034213
0.20527638
0.47898707
0.28997445
0.4282271
0.3220974
0.7468184
0.33122966
0.70623225
0.53372437
0.7653602
0.9050203
0.5573648
0.8129044
0.9222984
0.84595346
0.6854022
0.23610644
0.8904345
0.74385333
0.1972112
0.2788945
0.9147937
0.31385702
0.21975456
0.71263856
0.9015139
0.2540964
0.33095676
0.9042407
0.6669225
0.36839825
0.6174643
0.9149767
0.6827618
0.568492
0.8716004
0.9383274
0.88299835
0.5779852
0.7191292
0.9265746
0.81732875
0.6416532
0.7865012
0.8833931
0.8147852
0.69948554
0.721062
0.65919137
0.6182142
0.48149666
0.5795204
0.6561672
0.44247988
0.49052945
0.59874755
0.51091534
0.48934287
0.6547206
0.58774275
