0.14821315
0.3403173
0.34613654
0.24577507
0.2333563
0.25896046
0.2479746
0.22483984
0.20545626
0.2458405
0.25067338
0.25654048
0.29559863
0.24886198
0.47533265
0.20146327
0.34104958
0.35041925
0.3342418
0.2991071
0.42239693
0.2688199
0.21728411
0.35969517
0.44655713
0.12729016
0.31348515
0.62510186
0.29045948
0.41611087
0.6332861
0.8708282
0.6179813
0.75495225
0.7561473
0.7047565
0.8515286
0.8388757
0.713007
0.6246221
0.73419493
0.7631765
0.85825074
0.7195471
0.6455133
0.65666103
0.55297947
0.56446695
0.53591764
0.51301074
0.54794884
0.20239936
0.17259209
0.12352914
0.17048225
0.107889675
0.15209875
0.11547703
0.19553494
0.100430794
0.1465929
0.1286848
0.1567322
0.10633812
0.12449922
0.12592524
0.24718872
0.12176282
0.2477587
0.19160877
0.13831152
0.20694414
0.47641388
0.2800112
0.28908205
0.62492514
0.7146883
0.44929147
0.47281963
0.5872065
0.6608571
0.30787715
0.3043314
0.43867713
0.3334504
0.2572489
0.2050696
0.53530395
0.26796743
0.2734378
0.4905741
0.8766165
0.91394585
0.6889732
0.88279986
0.93700504
0.87936276
0.8089065
0.54631394
0.9081977
0.5977423
0.24738891
0.34944543
0.9220076
0.27326316
0.26471472
0.7035279
0.91701734
0.3615929
0.39496738
0.92385143
0.54128295
0.41373688
0.68724155
0.9207319
0.7381818
0.66415596
0.8926898
0.93743825
0.91378284
0.65483207
0.6186534
0.93486905
0.899565
0.6058519
0.6640578
0.9066871
0.8552845
0.6098092
0.7001981
0.7357581
0.6336549
0.39082482
0.6052837
0.67798936
0.43982306
0.43917283
0.6242952
0.56009734
0.49192637
0.6793787
0.6119198
