0.30871573
0.47133663
0.6134039
0.6858138
0.7511601
0.7088345
0.68052197
0.6104715
0.6910961
0.71912
0.753871
0.513038
0.54803455
0.5482726
0.37065718
0.28584778
0.32375056
0.23283225
0.24917655
0.18040355
0.1870973
0.16913946
0.22325516
0.1800968
0.23760203
0.17777881
0.30423594
0.22287923
0.39491856
0.33553997
0.262427
0.31855097
0.5688943
0.2420188
0.50206375
0.57772446
0.7029022
0.2942492
0.35885167
0.5293886
0.6384658
0.37207428
0.52678424
0.6319797
0.6472337
0.67956406
0.4570554
0.29189965
0.35255176
0.264954
0.22538757
0.19452854
0.26193705
0.27833351
0.17830944
0.25195488
0.29626265
0.37600654
0.43479097
0.84939104
0.92974585
0.8506027
0.89796734
0.9337571
0.91174585
0.8666031
0.45123678
0.927011
0.85441816
0.22858678
0.37807217
0.93145984
0.49978366
0.23181477
0.67526555
0.91378874
0.33830696
0.30390683
0.92736506
0.87598264
0.39669883
0.6420492
0.9371199
0.75529015
0.5991054
0.8956291
0.94855064
0.9116556
0.61070895
0.7134033
0.93351126
0.86807096
0.6551082
0.7849153
0.8906924
0.8299394
0.7186319
0.7537492
0.7133373
0.66158986
0.5204491
0.6161137
0.6883235
0.51007277
0.56131285
0.6221597
0.5430189
0.5117424
0.6820418
0.605777
