0.31257161
0.48693678
0.64308494
0.6975903
0.7331993
0.7398095
0.68895316
0.60257584
0.6911935
0.7208832
0.7637851
0.430969
0.51069856
0.54745746
0.3647691
0.27677655
0.34844598
0.28372976
0.30651307
0.23158804
0.24112529
0.23194283
0.30015573
0.22697629
0.42112187
0.2156765
0.25183076
0.20429008
0.441086
0.40544796
0.27608243
0.3239546
0.54097795
0.23159878
0.365047
0.33067244
0.3443595
0.19747527
0.25573385
0.48296237
0.5884996
0.48104158
0.68130577
0.6823005
0.66069514
0.42665794
0.4875648
0.3221655
0.40950915
0.2982558
0.24251625
0.27116308
0.28261393
0.3285675
0.20354538
0.27679825
0.29307884
0.46512482
0.5617039
0.8584726
0.93090194
0.8019978
0.893025
0.94148046
0.91422653
0.87443125
0.5108371
0.926546
0.87583643
0.27274585
0.35239726
0.9244447
0.39102575
0.28547293
0.65326405
0.9226903
0.3721832
0.3233811
0.92314595
0.6703717
0.39027405
0.67516357
0.92360467
0.7020177
0.6414248
0.9065112
0.94101644
0.905905
0.6722004
0.7417811
0.9376567
0.8717611
0.64348274
0.7782997
0.8953788
0.82900673
0.74595934
0.76699317
0.7042788
0.64436513
0.5027162
0.60350925
0.6756159
0.48140422
0.5337235
0.61142623
0.53652626
0.50453275
0.6802724
0.60244125
