0.1839734
0.3396349
0.3675974
0.21934
0.1615522
0.23482662
0.20387076
0.15173623
0.10682824
0.21498717
0.266633
0.26205626
0.30773488
0.57315123
0.75914663
0.26379442
0.3431423
0.4256878
0.26846236
0.2559219
0.35837016
0.35894772
0.18751591
0.2603464
0.29025924
0.07695599
0.1680161
0.5507863
0.21492383
0.1555199
0.46032766
0.8472158
0.50017977
0.6448582
0.6556127
0.6985889
0.77865994
0.811299
0.6770921
0.61313426
0.7384473
0.77695477
0.84308296
0.63164973
0.55575377
0.54013455
0.5748651
0.2754574
0.27210397
0.24540608
0.2558342
0.13060261
0.15325058
0.12690589
0.1882036
0.13271372
0.18657483
0.13862929
0.20710683
0.15815938
0.13876317
0.1716805
0.264493
0.1982012
0.20310049
0.169957
0.3598517
0.16779765
0.21784826
0.19317712
0.21250135
0.31273887
0.41208202
0.5065335
0.5201878
0.37377465
0.5387165
0.45292237
0.34293324
0.36895365
0.70683587
0.46847802
0.30156705
0.40766206
0.34961903
0.24332847
0.12724549
0.22081555
0.17567748
0.2502663
0.25223738
0.741402
0.903302
0.53478366
0.8639888
0.9317765
0.8910972
0.8145277
0.34190837
0.88579875
0.7125929
0.12451996
0.15646882
0.85489154
0.22141153
0.1034553
0.38002816
0.9069701
0.19971438
0.18611476
0.8736852
0.7309638
0.46936333
0.46897635
0.8875886
0.6844307
0.82623076
0.865482
0.9371002
0.5624441
0.5306683
0.9121996
0.8631378
0.5392983
0.6608265
0.8712348
0.8044607
0.6851549
0.6885832
0.6298264
0.5738768
0.41716346
0.56499815
0.6446843
0.44214153
0.4886703
0.5822809
0.49924344
0.4827479
0.65661937
0.5847382
