0.19628099
0.36222443
0.31465572
0.25483367
0.3363605
0.22689538
0.17813887
0.20315106
0.16179879
0.1665816
0.17486396
0.22605968
0.16840538
0.17222375
0.45575616
0.16573775
0.23094569
0.20609027
0.20560306
0.28505835
0.37545225
0.22729021
0.21909826
0.5771909
0.5612042
0.10854432
0.29228368
0.566111
0.27249876
0.26617113
0.728174
0.88222647
0.6980291
0.7521756
0.7516504
0.67306954
0.82764006
0.82850534
0.59781283
0.5096766
0.7148466
0.75776356
0.8171868
0.68506795
0.5765836
0.5263238
0.5763665
0.38989943
0.45506224
0.25003713
0.2612113
0.22043173
0.20341639
0.15200861
0.18124475
0.14834362
0.18018566
0.11222063
0.171317
0.11483408
0.16706151
0.17489675
0.16511889
0.11924143
0.17213225
0.1244304
0.23428395
0.1391422
0.26840422
0.22471261
0.18864326
0.24488619
0.5706087
0.41327125
0.25995213
0.31247437
0.5213668
0.40063375
0.53168255
0.29977262
0.551639
0.28829923
0.2859496
0.30340588
0.27786574
0.26908305
0.16715202
0.11323815
0.14750288
0.19892624
0.16967176
0.64543474
0.90455765
0.62675375
0.83741415
0.9190845
0.8800016
0.7704451
0.27283642
0.9002634
0.7664675
0.18692803
0.30667576
0.9162159
0.4185062
0.19556116
0.62051386
0.9054791
0.2848752
0.2702257
0.9068383
0.8226606
0.35143074
0.60603875
0.91164565
0.72292113
0.5523557
0.86793166
0.94351333
0.9083393
0.62882125
0.689861
0.9340309
0.89031625
0.62817043
0.71702194
0.89302176
0.8377761
0.631174
0.6989209
0.7055985
0.5398752
0.35014662
0.5454738
0.6488681
0.3999711
0.49918154
0.64617145
0.533086
0.5123699
0.6827247
0.60175455
