0.095490634
0.19079347
0.1329491
0.11373778
0.11527224
0.17579283
0.1922105
0.15295891
0.17534012
0.15750495
0.14701319
0.15214574
0.22473717
0.2657243
0.1688198
0.28931966
0.18184534
0.2711478
0.4323694
0.4868313
0.18691757
0.50157917
0.5634791
0.40509662
0.064716354
0.19736552
0.4928832
0.2336555
0.23708315
0.62944704
0.8886981
0.71887636
0.71876127
0.7004669
0.6755691
0.8400066
0.7846757
0.69118756
0.6077422
0.71530277
0.7556493
0.8445627
0.74942523
0.59118605
0.55835694
0.60338974
0.4278059
0.42706856
0.31259233
0.322504
0.15821904
0.18467367
0.14750569
0.1859569
0.14746957
0.23189919
0.15137893
0.23104362
0.12717174
0.15479383
0.17645852
0.1486894
0.12303155
0.13941962
0.12829739
0.17624488
0.1407581
0.30486065
0.21630026
0.23379809
0.28793925
0.6943484
0.79704183
0.670265
0.664946
0.76600164
0.71531075
0.5321903
0.43819174
0.7531199
0.36459032
0.24819025
0.48965797
0.38740855
0.35902557
0.36717403
0.5809522
0.27129477
0.34506145
0.40485147
0.85661536
0.9110914
0.5608245
0.8475059
0.93040407
0.8853962
0.7825298
0.384735
0.90712374
0.73083544
0.18469918
0.23072574
0.89311635
0.2378172
0.24412103
0.6087861
0.92196566
0.3853079
0.35627022
0.9052084
0.8557528
0.4487723
0.4737026
0.8896392
0.79085076
0.67769283
0.8805709
0.93819755
0.92615855
0.67401814
0.5884303
0.9329472
0.8967024
0.579862
0.67640644
0.90684515
0.8547837
0.60085654
0.7262335
0.7827083
0.60560256
0.38455424
0.58019173
0.6638344
0.39682952
0.4446185
0.6019511
0.5060343
0.46095225
0.66090864
0.58786577
