0.12851578
0.27259034
0.25251758
0.1764803
0.17618573
0.21737087
0.163381
0.15919207
0.12179443
0.16750328
0.13876528
0.18468966
0.18485597
0.17561248
0.24076553
0.16338311
0.25947073
0.22643562
0.22532369
0.25569364
0.38576165
0.22292455
0.22520699
0.43719932
0.43668577
0.11288873
0.28641844
0.5816539
0.2801253
0.3176155
0.7462071
0.87506574
0.5738049
0.7577027
0.77646834
0.7026413
0.8116119
0.83999455
0.65964365
0.5116666
0.6951864
0.7593291
0.8229235
0.61054504
0.56733894
0.4800416
0.47292572
0.26293704
0.21856694
0.2730477
0.32975492
0.12557779
0.19310202
0.2227889
0.3838227
0.20719898
0.5289925
0.51212054
0.5023543
0.23461637
0.33695596
0.46806556
0.256287
0.20525059
0.4449383
0.2577701
0.3146393
0.10389495
0.2683426
0.21388872
0.10722592
0.2609909
0.77462953
0.75779575
0.5191629
0.5321614
0.80367184
0.4788372
0.30846483
0.29474977
0.71571296
0.33138853
0.21769674
0.3847962
0.32479718
0.2552693
0.099944904
0.21453805
0.1858838
0.24366106
0.25355133
0.7862032
0.9134695
0.6000928
0.84320074
0.9292281
0.8778831
0.7588872
0.28189576
0.8960083
0.7937975
0.13525718
0.20638765
0.90244293
0.21793929
0.12920979
0.5246538
0.9165796
0.26339975
0.28515255
0.91024166
0.85377836
0.36213088
0.5773753
0.91792727
0.7408418
0.5448674
0.8715226
0.9405995
0.906559
0.5443971
0.6242047
0.9226389
0.8555221
0.5897564
0.7274233
0.8849636
0.82297635
0.69561654
0.7414451
0.69178265
0.6312266
0.44544336
0.593683
0.6703107
0.46092802
0.51632005
0.6029785
0.51699215
0.49197462
0.66485894
0.58725524
