0.12652293
0.26358572
0.21474196
0.20505911
0.20033051
0.19343062
0.17725082
0.21071462
0.15240687
0.18109201
0.18146034
0.2661216
0.19638038
0.1688891
0.40478867
0.20278828
0.22057638
0.19356015
0.17471981
0.23259042
0.25254962
0.17130192
0.17081285
0.48502842
0.37650174
0.09508782
0.23875247
0.5010273
0.2484576
0.23300514
0.75893515
0.88486886
0.6359797
0.74076825
0.8404239
0.7055647
0.8120537
0.8049324
0.684889
0.4900388
0.66712445
0.73207617
0.80696976
0.4703249
0.4858053
0.5042015
0.3849816
0.23940668
0.28513837
0.24486154
0.2686123
0.16172919
0.19825302
0.16030505
0.2045526
0.13353446
0.4553326
0.3465281
0.2907106
0.2030831
0.50709796
0.43560535
0.19457476
0.3123856
0.64150727
0.17711575
0.23640417
0.4448039
0.5771897
0.1531128
0.1946942
0.5018451
0.65311426
0.4946739
0.68313783
0.67675006
0.52865744
0.59264076
0.48606786
0.24261159
0.2669838
0.2701096
0.16650103
0.11344289
0.15478018
0.2605506
0.15638274
0.22925675
0.22653644
0.7742103
0.46448585
0.7598859
0.9108318
0.6891928
0.8292227
0.91845083
0.86666256
0.7180396
0.2573579
0.87284374
0.7247695
0.14678317
0.18932667
0.880463
0.16316225
0.12136383
0.57443774
0.89919525
0.22154845
0.3343655
0.9026771
0.6921008
0.38770956
0.62934756
0.91894704
0.7248815
0.6430581
0.8852745
0.93810564
0.891528
0.569654
0.5966404
0.92217356
0.8385782
0.5393543
0.6715056
0.8825443
0.80833024
0.6216482
0.6925263
0.6955283
0.57486016
0.42890754
0.62637496
0.6846504
0.46426168
0.58507115
0.64736134
0.5382914
0.51120627
0.6691178
0.5868582
