0.14810748
0.31614313
0.31585157
0.19250403
0.19351538
0.16497062
0.1657427
0.15753931
0.1317023
0.16825435
0.19880803
0.20651487
0.20653585
0.23724286
0.60136807
0.29692692
0.50994956
0.49227592
0.40800026
0.45774582
0.57084024
0.30747402
0.24258734
0.5112741
0.5979591
0.107461624
0.2819924
0.65521145
0.30377248
0.23161367
0.71369714
0.89757943
0.6040449
0.7593366
0.8558582
0.7112628
0.81885326
0.8441616
0.70150405
0.5158814
0.6922184
0.7627508
0.8344168
0.6529699
0.6100737
0.5701425
0.6029895
0.34741268
0.37461194
0.31809244
0.33553272
0.19124115
0.20044486
0.17606898
0.23794769
0.16279788
0.23326482
0.15130848
0.22976238
0.13654658
0.20639895
0.24460942
0.16133511
0.17303762
0.24237852
0.15489131
0.29414517
0.18885018
0.24779052
0.18635616
0.26109025
0.30725113
0.5761863
0.35939986
0.30925047
0.46436912
0.3447533
0.31846073
0.28521612
0.27484077
0.4683717
0.22417982
0.18443169
0.3011143
0.2716774
0.22474869
0.16250545
0.45584553
0.28939453
0.30900022
0.37256476
0.84361494
0.911923
0.6981732
0.8673494
0.9340099
0.8937166
0.81603706
0.35811293
0.90509725
0.7981071
0.13185158
0.20644067
0.903033
0.23536262
0.12932806
0.49336568
0.91251105
0.24772
0.24270418
0.9116309
0.8539472
0.37522337
0.637146
0.92399734
0.7493448
0.6295293
0.8781648
0.94482034
0.89714026
0.57282627
0.6642295
0.92547816
0.8496082
0.60251284
0.7695263
0.8853188
0.828693
0.72857803
0.7559849
0.6844446
0.6179022
0.49696818
0.5921857
0.66556203
0.46459714
0.52251166
0.6012344
0.5168293
0.48877564
0.6608944
0.5886651
