0.15252224
0.33892325
0.37072575
0.24918045
0.25135326
0.2334549
0.23239188
0.20276771
0.17864387
0.21606384
0.2595337
0.24295618
0.23566194
0.25277728
0.573239
0.27805695
0.4793177
0.47496146
0.38136777
0.42185235
0.53513414
0.2973388
0.24240889
0.51991016
0.6210468
0.114050776
0.30874312
0.68766993
0.3264102
0.25598973
0.73805684
0.9004292
0.62326235
0.7636456
0.8624093
0.7165012
0.81981295
0.84772795
0.706956
0.52548546
0.70028555
0.7655935
0.83577526
0.65431637
0.61137676
0.570176
0.60456204
0.34698024
0.36851814
0.31889609
0.33794114
0.19270234
0.20095283
0.17820773
0.2398834
0.1630717
0.23610927
0.15356405
0.23063877
0.13683969
0.20846276
0.24629414
0.15960501
0.17221403
0.24330135
0.15406993
0.28904682
0.18782365
0.2469585
0.18342142
0.2563508
0.30907407
0.579315
0.35542923
0.31331405
0.46990776
0.34572205
0.32264367
0.28966624
0.276138
0.47132477
0.22567898
0.18571855
0.29878053
0.27531606
0.22618856
0.15830424
0.465588
0.29211217
0.30645436
0.36792463
0.8425371
0.90992403
0.7061377
0.86761546
0.93206084
0.8895947
0.79269546
0.3400891
0.90087044
0.7677711
0.18716775
0.30367225
0.92574584
0.42268768
0.19371296
0.6344936
0.91101193
0.30843338
0.2806731
0.91570324
0.8575699
0.37608352
0.61219615
0.92960423
0.72629195
0.57528967
0.87024677
0.9426291
0.8978426
0.57481545
0.6867222
0.9266212
0.84256065
0.63916594
0.77256924
0.88261217
0.81966233
0.70549494
0.73454857
0.6880048
0.6356542
0.49937102
0.60035425
0.6731691
0.4742291
0.5341281
0.6092323
0.52015215
0.49631423
0.66360724
0.5922926
