0.016696552
0.037458256
0.058923952
0.045924533
0.056988772
0.052093625
0.057625312
0.043090053
0.026641993
0.015135326
0.023793051
0.020392679
0.024944
0.020328365
0.018713426
0.028989822
0.02512931
0.0139776245
0.014918819
0.016495422
0.0093904035
0.014278276
0.017945543
0.019449899
0.023974027
0.041270837
0.03096478
0.026103478
0.03637934
0.040719114
0.039474636
0.06975509
0.08575535
0.08821041
0.05547035
0.08703308
0.10002948
0.1088623
0.10350206
0.14014174
0.14297332
0.17869774
0.167818
0.2219993
0.45638543
0.37846005
0.25000933
0.21607858
0.22782256
0.1871873
0.15969484
0.17964584
0.13930245
0.16564013
0.16830945
0.20357789
0.1455347
0.20157728
0.42393386
0.17733301
0.2432867
0.3188433
0.29497978
0.2381934
0.37656617
0.24666534
0.19460955
0.39822894
0.44575945
0.10466351
0.2676937
0.59939486
0.30475283
0.47300953
0.8021113
0.89385664
0.6338517
0.70858705
0.7565355
0.737053
0.83597744
0.85392404
0.69424164
0.50946116
0.760827
0.79525244
0.8375339
0.58675456
0.581315
0.54201335
0.610633
0.29631096
0.42051002
0.29782078
0.33037814
0.11897992
0.17699915
0.13932928
0.20487712
0.122175455
0.29933703
0.22368784
0.26162222
0.17305678
0.26231375
0.29360208
0.38277936
0.2915402
0.51875716
0.17629519
0.37027517
0.3057565
0.42117557
0.18942495
0.21729729
0.5203254
0.7566093
0.6562889
0.6398907
0.6689739
0.66645706
0.4122581
0.25860327
0.23642914
0.43238392
0.24457896
0.16005969
0.28009117
0.2660326
0.2082581
0.13755828
0.24852878
0.21657276
0.34796646
0.32463118
0.73776436
0.90555865
0.6272788
0.8232716
0.9056039
0.8416692
0.6840103
0.22303428
0.8632503
0.73794615
0.16027385
0.21041264
0.87778497
0.22217919
0.14614299
0.5670748
0.90560114
0.26214686
0.34086183
0.891191
0.67282104
0.37598857
0.61671805
0.9126619
0.73701143
0.6507737
0.8714485
0.946893
0.90880835
0.60763556
0.63808775
0.93216
0.86787724
0.5583204
0.68955034
0.9030749
0.83695257
0.48271856
0.7156884
0.7559556
0.5912163
0.39593378
0.6074211
0.67880833
0.40222096
0.4230167
0.63294756
0.5372936
0.49069434
0.6720669
0.60067105
