0.13429576
0.29695514
0.31004167
0.18551569
0.19407362
0.17272033
0.17401169
0.16334909
0.13773811
0.17461273
0.18842374
0.20650657
0.21066721
0.23523365
0.50208825
0.20199217
0.36249438
0.3747819
0.38132906
0.3374545
0.4703697
0.28704995
0.25678125
0.4307137
0.46880013
0.15892144
0.34291336
0.62719005
0.32670802
0.46674472
0.7871792
0.870832
0.60451114
0.6649031
0.7445995
0.6873188
0.8148008
0.8545349
0.6402506
0.47687235
0.74803334
0.7792301
0.8331019
0.55438447
0.552502
0.51858604
0.58253616
0.2680903
0.38955283
0.27949587
0.28408822
0.087030046
0.1495187
0.12051552
0.1543486
0.08197225
0.2356115
0.17157629
0.18573168
0.122616865
0.21595596
0.1913826
0.12336493
0.1503705
0.46769878
0.118074104
0.121324785
0.2596802
0.43414178
0.111198545
0.15586224
0.3499614
0.6275075
0.5598882
0.7119871
0.6874038
0.7281382
0.64964163
0.36514547
0.28625715
0.522808
0.26729953
0.15795664
0.24781531
0.23830205
0.21693549
0.1470186
0.30379933
0.22170828
0.28348294
0.41291305
0.8017902
0.8991869
0.5525255
0.8656391
0.9264424
0.8301338
0.773223
0.50292546
0.87738335
0.3295293
0.13241684
0.1977695
0.8536831
0.16390987
0.14463507
0.5755533
0.8851499
0.2080588
0.25744906
0.8879415
0.75567263
0.44392222
0.7024902
0.8870364
0.69643784
0.5986464
0.86586916
0.76204467
0.92449564
0.5888436
0.560929
0.9324455
0.90664023
0.54676145
0.49413234
0.90843946
0.8849823
0.38586858
0.5418266
0.7275363
0.44874775
0.178474
0.41103536
0.5535083
0.18117201
0.3108523
0.56557775
0.5708088
0.42120016
0.75406593
0.75219136
0.6586658
0.43467316
0.46470216
0.45454016
0.34017012
0.44553363
0.37514934
0.34781718
0.4358443
0.28959167
0.17473795
0.18266328
0.16743256
0.1327567
0.12781844
0.07190149
0.059870362
0.056193314
0.044295058
0.040028736
