0.3938085
0.60450184
0.7939944
0.78700805
0.8507115
0.8588168
0.7852694
0.680574
0.782203
0.7813682
0.82104063
0.50682676
0.4934898
0.5299585
0.4351048
0.2613335
0.26308724
0.29630235
0.42001927
0.18835802
0.19634397
0.19233294
0.32430705
0.18877126
0.2844916
0.22628543
0.27758598
0.17930709
0.17963599
0.21821898
0.2548736
0.15318087
0.17867894
0.14900552
0.28421235
0.13389248
0.28836972
0.24949472
0.21270576
0.28890043
0.7135031
0.7128674
0.53076416
0.4842634
0.71139675
0.5585415
0.28735602
0.34230733
0.5445595
0.3231789
0.26667178
0.3271368
0.41638914
0.46074444
0.26842397
0.562945
0.46071094
0.6206312
0.5942653
0.82419175
0.9309984
0.7814504
0.8831051
0.9294025
0.9145688
0.86321086
0.42583552
0.92968106
0.8808133
0.21828869
0.3122893
0.8920934
0.45932004
0.24504904
0.7911053
0.92666614
0.38234967
0.3954916
0.91573393
0.60201216
0.3336691
0.6556658
0.92536056
0.74078274
0.6543277
0.90465266
0.940312
0.9077562
0.6298183
0.66609794
0.93269557
0.87747663
0.6381453
0.76062673
0.8978589
0.83176756
0.7140619
0.7590724
0.71079576
0.65338796
0.48242357
0.61465836
0.6830054
0.49832886
0.5542045
0.6121961
0.53777057
0.5071402
0.69000334
0.6073614
