0.14357957
0.3149575
0.3619099
0.21372637
0.21904896
0.22682129
0.19841687
0.18459538
0.15335107
0.19544174
0.2171489
0.2852306
0.3657637
0.24861965
0.5851573
0.25057957
0.44709647
0.40482488
0.3893318
0.40301383
0.56484294
0.30048016
0.27829456
0.5483478
0.55464137
0.10119943
0.28992912
0.7583859
0.2834102
0.32300934
0.7641131
0.884629
0.5382581
0.73388207
0.7055025
0.6095907
0.80613714
0.84839594
0.67279536
0.58408076
0.7822791
0.8075217
0.8383417
0.6328939
0.60456544
0.5117311
0.515435
0.29428107
0.34200636
0.26105163
0.25530887
0.110290974
0.16537419
0.13330351
0.18465315
0.12467552
0.22235395
0.1766678
0.22270505
0.14339012
0.32681078
0.24462472
0.21909304
0.16417786
0.19281285
0.12725839
0.24538629
0.23280731
0.27262577
0.18579756
0.2912688
0.4439645
0.59043825
0.4765647
0.67252755
0.59625363
0.3918368
0.37170357
0.3060263
0.25869837
0.358421
0.26562092
0.24475393
0.25907543
0.2829448
0.3050516
0.14071174
0.26890597
0.23685555
0.34440795
0.33052474
0.8273709
0.9204631
0.716208
0.85333985
0.923632
0.8784208
0.8133511
0.3262167
0.8973809
0.8220915
0.20072716
0.22189699
0.8876353
0.26741755
0.1667158
0.5501468
0.9073992
0.25031915
0.2518427
0.90082824
0.57282317
0.31824413
0.58200043
0.9138847
0.71774566
0.6075256
0.87700313
0.94027406
0.9011036
0.6011036
0.6756501
0.93523663
0.883316
0.60412633
0.7268051
0.9109533
0.84840673
0.4859532
0.7046708
0.74535006
0.6218499
0.35720852
0.58490777
0.6625556
0.42991668
0.37780553
0.6211492
0.54126745
0.4977013
0.6825193
0.6190508
