0.1528032
0.33646682
0.34357256
0.26236886
0.30061993
0.2794206
0.24439625
0.21613792
0.20454074
0.2146453
0.21620275
0.25985336
0.30392823
0.2509686
0.59858197
0.44345182
0.54297066
0.35544974
0.4231169
0.55735284
0.5809883
0.2988756
0.29317513
0.6410094
0.57415885
0.09377071
0.28583014
0.65798765
0.2098341
0.16425802
0.6760478
0.891118
0.5364926
0.7356242
0.8411858
0.70444393
0.81864583
0.828269
0.6817134
0.52724797
0.68448704
0.74701214
0.8399019
0.67255014
0.5864896
0.4989412
0.5896361
0.29849395
0.22066477
0.25845098
0.32006958
0.18945605
0.21981066
0.23672803
0.35098326
0.23845501
0.55886924
0.37468606
0.40735215
0.2392511
0.31928593
0.47416246
0.37202546
0.25443485
0.44876108
0.16033785
0.25166997
0.24441129
0.2992892
0.16770752
0.27624664
0.44723672
0.59629774
0.41351342
0.6014433
0.60772675
0.27065167
0.28374577
0.23189755
0.21120164
0.2999867
0.22628972
0.25286195
0.24504675
0.26959583
0.382732
0.20244351
0.32877907
0.33842707
0.55999106
0.39405832
0.81353647
0.91981864
0.6913483
0.8521024
0.92798185
0.87532455
0.7623412
0.42312565
0.9073867
0.7506875
0.20568717
0.32442915
0.9202609
0.19137865
0.27215323
0.7932116
0.9122963
0.3331728
0.36236727
0.9175326
0.7113154
0.43598863
0.650356
0.92509276
0.7323503
0.6009597
0.880616
0.94071954
0.89070916
0.60374427
0.7305832
0.9231373
0.8156577
0.63393706
0.79126644
0.8775084
0.81539613
0.6939443
0.7168362
0.65487957
0.6074339
0.48130903
0.5789494
0.6560717
0.44492593
0.48809308
0.5962875
0.50935864
0.48864046
0.65416086
0.5912656
