0.14730047
0.3360785
0.36680356
0.24211721
0.25589696
0.23882023
0.2372943
0.20933437
0.18246073
0.21750084
0.25300732
0.28317544
0.24432436
0.24941285
0.6291444
0.24580097
0.33806854
0.30417007
0.35370347
0.31586817
0.32899866
0.25352764
0.24246046
0.42904517
0.5035866
0.11290606
0.3388502
0.651248
0.2718802
0.27198806
0.7510555
0.8867776
0.55174035
0.7451856
0.8635087
0.69826716
0.8084026
0.8307863
0.6942467
0.5020537
0.6722673
0.75377476
0.83184195
0.64984787
0.6077463
0.5676845
0.5943118
0.3421411
0.36478972
0.29176775
0.30803913
0.17817493
0.19003275
0.14828433
0.18973741
0.13572918
0.23436263
0.14153965
0.21761104
0.15809204
0.29824838
0.3507632
0.16215907
0.2088042
0.54677075
0.20092286
0.30473533
0.5316906
0.75831735
0.24781248
0.23158503
0.592569
0.5744405
0.22198674
0.44620845
0.7081706
0.4117632
0.43894222
0.37000656
0.25892502
0.315213
0.21578191
0.15399456
0.20865625
0.20682117
0.1902456
0.12787601
0.23838246
0.24750182
0.3152153
0.3279158
0.80957586
0.9094605
0.71064734
0.84853256
0.9256511
0.88805354
0.7827138
0.328128
0.8958489
0.78145033
0.18523191
0.30367967
0.9245817
0.407034
0.18590505
0.62868595
0.90794146
0.29202938
0.27004957
0.9131826
0.85489607
0.37452447
0.6019102
0.928473
0.72092557
0.56896454
0.86900485
0.9424354
0.89764535
0.5689429
0.67973393
0.9252652
0.84104955
0.6370245
0.77028924
0.88129365
0.8176667
0.7023053
0.73011357
0.6813869
0.62454516
0.48690033
0.59244514
0.66790384
0.4606045
0.518053
0.602869
0.513199
0.49047777
0.6608225
0.59032315
