0.12755542
0.3062543
0.36199734
0.23357388
0.24676086
0.27980226
0.24248114
0.20269585
0.15973097
0.2449806
0.23824699
0.22646962
0.22500218
0.21847409
0.44124585
0.2493702
0.36274967
0.30249694
0.32636693
0.33256164
0.3572038
0.25311735
0.24775814
0.32389832
0.33693856
0.11885555
0.26329198
0.48531514
0.23932122
0.31662396
0.74705774
0.88106006
0.6543516
0.7909017
0.8522094
0.6857071
0.8367732
0.89338756
0.6982987
0.50839174
0.75042003
0.7918713
0.7984699
0.48747408
0.4774971
0.447926
0.29459077
0.29592028
0.3014467
0.24079621
0.31150118
0.16612436
0.16272832
0.15756159
0.23628266
0.12291266
0.39964107
0.27519363
0.31060347
0.19302565
0.43299863
0.27737132
0.19244356
0.17728913
0.44228113
0.12504488
0.18292506
0.22637585
0.4258551
0.16311337
0.25018668
0.5095273
0.68522656
0.4024625
0.5105051
0.44841504
0.2943888
0.28508097
0.211039
0.19321026
0.28119317
0.21536872
0.23815972
0.102995835
0.22724457
0.21606964
0.15709886
0.18612182
0.29665172
0.55405533
0.5967567
0.8634889
0.89657515
0.71868527
0.87678903
0.9152845
0.85582083
0.81054616
0.5850923
0.8415636
0.66289634
0.309227
0.22418521
0.8519391
0.17206503
0.18613127
0.5864311
0.8959529
0.2921868
0.33858955
0.8950529
0.76696223
0.49837178
0.6888842
0.917286
0.78383064
0.71274054
0.8808292
0.8958488
0.92870575
0.6271579
0.55283153
0.9237977
0.8990638
0.601405
0.5759349
0.9057573
0.8635458
0.5257912
0.662942
0.7603864
0.7010739
0.44709417
0.6457806
0.6768146
0.34451494
0.40330094
0.61422354
0.5323041
0.437931
0.67589504
0.6039114
