0.13891108
0.29352638
0.23007144
0.17539929
0.17616977
0.17580613
0.15568966
0.16384989
0.1392705
0.18474819
0.16012949
0.21825042
0.21872063
0.3275197
0.52573574
0.28553784
0.36483702
0.38162196
0.39424103
0.34764552
0.4135275
0.2699477
0.23545359
0.3667813
0.51861453
0.15595894
0.29544297
0.5039557
0.30291644
0.45779684
0.7635486
0.8654967
0.5653239
0.6610941
0.592341
0.53207487
0.7590412
0.8289091
0.6534392
0.43340534
0.68746597
0.7396552
0.7633784
0.38991493
0.46025577
0.46858376
0.29798526
0.2454497
0.33524644
0.2709159
0.23621275
0.15092157
0.18107341
0.15403643
0.24518791
0.13000491
0.21287943
0.17886294
0.25717032
0.16802694
0.21806186
0.2359006
0.21845908
0.14990097
0.25877932
0.17582843
0.2488282
0.23422422
0.56557083
0.27640408
0.47192317
0.4213879
0.78969103
0.7838384
0.64530456
0.5946486
0.7204517
0.5365215
0.56102604
0.38208693
0.64439815
0.34845743
0.23569398
0.37557262
0.27128032
0.33672705
0.203856
0.51211315
0.25719014
0.7398972
0.47897843
0.744193
0.9053819
0.6594367
0.84582764
0.9279175
0.8762726
0.787042
0.3505756
0.893617
0.7971942
0.1964225
0.21247017
0.8966426
0.1796929
0.16354395
0.5425724
0.894887
0.21779446
0.28284076
0.899023
0.62197924
0.41162825
0.65049124
0.9138296
0.72456026
0.72332907
0.88613194
0.93592846
0.8980511
0.63226044
0.6718162
0.93230313
0.8691497
0.59239435
0.7146922
0.89968276
0.8388023
0.6193524
0.71902657
0.7441487
0.5988704
0.43134564
0.6025517
0.6763053
0.40009576
0.42217687
0.62236494
0.5350366
0.48322722
0.65774995
0.59065926
