0.27528268
0.44675148
0.53905094
0.67041785
0.75194204
0.75702095
0.70554334
0.60628605
0.71441656
0.76768446
0.79289407
0.4460027
0.565834
0.64168584
0.4142484
0.25772902
0.3335271
0.27444753
0.25984493
0.19219476
0.21946344
0.23524426
0.2871068
0.23723438
0.43042067
0.37040702
0.39692461
0.26366663
0.5256896
0.74601924
0.5586187
0.3813539
0.553358
0.339089
0.40005738
0.28737292
0.48342192
0.301059
0.42672232
0.49365953
0.7800231
0.67422825
0.614217
0.68820447
0.72459054
0.5650618
0.48594174
0.4153661
0.5547896
0.31433243
0.3030198
0.37200114
0.3588366
0.33368254
0.23738031
0.5614922
0.35548168
0.6801031
0.66834044
0.89676076
0.93560517
0.82133466
0.90999305
0.94608915
0.8981107
0.8686144
0.56799203
0.92142016
0.6196166
0.24992613
0.34646988
0.91378856
0.27733177
0.25515357
0.6716552
0.9156978
0.37045744
0.43517518
0.9347555
0.7757226
0.47228602
0.7269255
0.9364098
0.79766417
0.7218424
0.90716016
0.9502308
0.9240154
0.6588678
0.67137724
0.9344572
0.90006787
0.61293304
0.732519
0.9044221
0.8652495
0.58771884
0.71497387
0.7521099
0.674629
0.40080783
0.6162252
0.68989486
0.44217798
0.39995137
0.62669605
0.5762379
0.50844526
0.6904818
0.6331535
