0.1269971
0.26845005
0.24096632
0.20903601
0.31989223
0.31174627
0.23829599
0.2953688
0.19472341
0.2506873
0.2379842
0.37017807
0.2420297
0.25151616
0.3661075
0.26779073
0.24272598
0.3327247
0.30110723
0.34379816
0.46613732
0.2807804
0.39271513
0.42764285
0.16195323
0.25192866
0.5613689
0.2623131
0.26435333
0.4689453
0.8433152
0.5665401
0.66863585
0.7794523
0.69913626
0.8224119
0.79167295
0.6641676
0.5128274
0.69961214
0.76671004
0.81465495
0.57514423
0.6105947
0.5752031
0.48821568
0.27944753
0.3852361
0.29240295
0.32992437
0.32406735
0.2130916
0.1677264
0.19106594
0.11773485
0.18066198
0.122221224
0.20158938
0.14717269
0.23545457
0.23700334
0.29133356
0.5558755
0.2863504
0.18306388
0.46524158
0.5977191
0.42032072
0.23103525
0.49227908
0.43824157
0.6169377
0.34933528
0.3692791
0.35407573
0.33776572
0.23555274
0.19838345
0.23473026
0.4101694
0.21797211
0.22530262
0.4571385
0.29700089
0.22070104
0.18736543
0.31836092
0.17916642
0.17684923
0.24969347
0.7689324
0.90908885
0.5862944
0.82806623
0.9213301
0.8244959
0.71845317
0.24814963
0.895348
0.75603575
0.15307285
0.19547273
0.8707286
0.22780256
0.1238206
0.49220267
0.89671236
0.24561872
0.22128561
0.8844554
0.7133327
0.40628847
0.5695526
0.88209087
0.6831067
0.5790698
0.8589526
0.9259729
0.8880937
0.54918665
0.627679
0.92193115
0.8545432
0.5719305
0.7203709
0.88748336
0.819137
0.64748216
0.7348788
0.6733738
0.5642266
0.34441167
0.5602615
0.59528637
0.32045594
0.4092734
0.5819214
0.48702034
0.4676656
0.6673233
0.5970469
