0.123336345
0.30489397
0.34469792
0.2075907
0.21819897
0.28846082
0.24660441
0.21097594
0.18829872
0.27105471
0.22706918
0.21296784
0.22775601
0.22147845
0.32141653
0.19772972
0.34261215
0.2900302
0.260321
0.2453001
0.33440313
0.23811714
0.20592459
0.28982666
0.49259338
0.116331466
0.25659695
0.55723584
0.28007686
0.25494707
0.7127216
0.8906113
0.6267809
0.8082814
0.8435878
0.7458218
0.8353411
0.8480561
0.706056
0.5138522
0.68063504
0.7547973
0.8382192
0.6425925
0.5764401
0.51669955
0.5455851
0.26412827
0.22093245
0.24925414
0.24302228
0.11203319
0.19024678
0.19831339
0.27194586
0.11970233
0.51885605
0.36919972
0.32289615
0.24066108
0.5876849
0.5109994
0.38786387
0.3634955
0.59795964
0.1558294
0.2327858
0.20788585
0.29708314
0.1702379
0.24076885
0.45877007
0.7171736
0.46075344
0.5714932
0.5443341
0.4046711
0.33151427
0.22042249
0.23611481
0.31582996
0.23996812
0.21932657
0.23986739
0.31227303
0.36674523
0.22552781
0.500487
0.4795245
0.55875856
0.4966534
0.863617
0.9263128
0.7055148
0.8582815
0.92803925
0.86904097
0.79079455
0.33246827
0.9112911
0.74925244
0.17183189
0.21791947
0.8803073
0.12696928
0.14483935
0.6742554
0.90099406
0.19703358
0.30069846
0.9209013
0.7197354
0.42876193
0.6673898
0.92657185
0.79875827
0.6536879
0.8900583
0.94515896
0.9157966
0.6400934
0.70263165
0.930059
0.86866415
0.60592896
0.7405599
0.88278425
0.81681305
0.5475854
0.6590051
0.6359279
0.46829584
0.34073943
0.55299467
0.6038565
0.30890456
0.4654783
0.61627847
0.49264815
0.49901146
0.70124805
0.6138916
