0.12969925
0.1248844
0.27276418
0.15565702
0.14624956
0.10898174
0.15251261
0.11348485
0.095795475
0.13176303
0.1756021
0.14532769
0.14764412
0.21170889
0.5874277
0.24394605
0.2536523
0.37560394
0.43911827
0.40629435
0.3903808
0.2998407
0.5664305
0.45239195
0.31352013
0.12198372
0.23362811
0.46145988
0.19751558
0.20143904
0.5599984
0.8752261
0.58765155
0.68123674
0.8475159
0.738159
0.839326
0.83581233
0.7355585
0.5618338
0.7330745
0.79904014
0.83190745
0.5684305
0.6002064
0.54787624
0.48177004
0.27776486
0.33235645
0.22241645
0.21004623
0.1312624
0.1753176
0.1467689
0.22216018
0.16693042
0.3155099
0.25013345
0.36910707
0.21602191
0.2509148
0.3150852
0.37439466
0.20969915
0.36348152
0.19886586
0.37217814
0.16362685
0.36675832
0.34610987
0.3283609
0.4368466
0.81162935
0.79789245
0.7056818
0.59951156
0.822666
0.76797146
0.4247855
0.53801787
0.87197435
0.471181
0.28135753
0.7881074
0.6271228
0.27728072
0.2442093
0.69234586
0.24613848
0.2978484
0.47024223
0.8898719
0.90843916
0.5241158
0.84561557
0.9403488
0.8500837
0.73140484
0.393787
0.90867335
0.6613148
0.1444928
0.23459934
0.8762063
0.15934469
0.10148679
0.6145654
0.8884008
0.18152317
0.21364652
0.9114457
0.8275426
0.4120127
0.6779234
0.90783894
0.736369
0.6479229
0.87939143
0.92820066
0.90514493
0.5843521
0.53074706
0.9197065
0.8860612
0.5330652
0.5656941
0.88720036
0.8365061
0.6022106
0.70440686
0.7528482
0.5794145
0.3312307
0.5393968
0.6021569
0.33579028
0.4032282
0.56932455
0.48606634
0.4637006
0.6779809
0.58254176
