0.14065936
0.2039973
0.19901837
0.158201
0.19023839
0.20718874
0.19693127
0.18943806
0.13423832
0.21892205
0.19770637
0.23909077
0.1697216
0.19746614
0.22356956
0.16969784
0.1955927
0.25480863
0.22178233
0.2153546
0.24036065
0.27985296
0.2082158
0.25499558
0.28792468
0.22157091
0.25457498
0.5165135
0.36151677
0.31536394
0.7273803
0.8928557
0.6934488
0.6813912
0.84193254
0.76757604
0.84791666
0.85634226
0.7223312
0.53159195
0.75021523
0.8115054
0.83759546
0.394391
0.42945465
0.39713836
0.32255116
0.21411203
0.3216409
0.36677328
0.43227655
0.29816565
0.2742743
0.4327551
0.44561625
0.2531676
0.26507166
0.24626967
0.25694698
0.12548189
0.22781174
0.1757827
0.107132494
0.11611124
0.1523853
0.07436665
0.19296275
0.41497052
0.384927
0.22421893
0.64054227
0.53332925
0.7931435
0.78006047
0.7375957
0.69202375
0.64866996
0.4679179
0.4173428
0.3400521
0.67482984
0.3475409
0.23421791
0.63831896
0.2576057
0.36633727
0.36787397
0.81678134
0.22817099
0.32346833
0.565906
0.87839985
0.88678974
0.39044026
0.8435521
0.91851866
0.831997
0.76954573
0.49088418
0.9001511
0.5997749
0.17015867
0.33736983
0.8719104
0.13118458
0.106790505
0.5165247
0.8774632
0.379031
0.37261668
0.8211166
0.6608015
0.41821036
0.6574481
0.7915558
0.7456994
0.6411638
0.6969493
0.8399879
0.868463
0.7242753
0.45266506
0.70469403
0.8144099
0.33753124
0.46342275
0.8689555
0.8547445
0.44398427
0.49857742
0.6549214
0.49089488
0.3351847
0.5091016
0.70711994
0.38237435
0.41242507
0.6453966
0.57780653
0.5595926
0.64023674
0.6051195
