0.1508404
0.33485442
0.35974577
0.21580376
0.22101678
0.20214449
0.20404905
0.18296063
0.1563069
0.19783494
0.21334563
0.22546628
0.23441641
0.26222298
0.56856906
0.22799596
0.4038025
0.43033025
0.42916286
0.37546164
0.5183541
0.3147785
0.2727318
0.4670063
0.5268547
0.17767958
0.36290005
0.67780614
0.37352228
0.53048646
0.7906035
0.89886284
0.6511401
0.6880521
0.74959385
0.7205965
0.83066905
0.84361076
0.68651503
0.51349676
0.69625485
0.74031585
0.8036934
0.5811739
0.5190836
0.4737255
0.49760073
0.251695
0.2918776
0.24603951
0.27839035
0.1636393
0.19317797
0.17896907
0.31022498
0.2059317
0.34590584
0.23398142
0.33974978
0.20303276
0.28819773
0.30987984
0.2603977
0.2800458
0.4255631
0.20745777
0.55733067
0.30779558
0.31832385
0.25972056
0.45627427
0.3675347
0.72282016
0.6096395
0.53190535
0.39290363
0.5187605
0.38824126
0.25708494
0.2373241
0.48492932
0.30168903
0.2045771
0.25767523
0.32184207
0.40020266
0.26403815
0.71460396
0.40907913
0.792945
0.66046995
0.8086748
0.91162646
0.6249891
0.8358481
0.9281291
0.86606497
0.75792694
0.31494433
0.8853304
0.7745814
0.18841405
0.20219223
0.8883906
0.17083631
0.15505245
0.5161933
0.8978496
0.20671546
0.2704587
0.9021033
0.61460495
0.40615308
0.6559946
0.9142433
0.72087646
0.72207373
0.8846559
0.93585527
0.89665365
0.6276751
0.66658264
0.9308059
0.8646908
0.583678
0.704864
0.89672947
0.83674544
0.6120642
0.7134862
0.7351966
0.5893147
0.42388767
0.5951116
0.6696064
0.38891432
0.4093417
0.61786467
0.53027946
0.4812382
0.6556661
0.5876635
