0.13648988
0.31112006
0.32699814
0.23308091
0.21874093
0.23304828
0.22319098
0.20260243
0.16365969
0.21450232
0.2317715
0.2574044
0.28511858
0.266583
0.63859457
0.45842054
0.52795994
0.43431634
0.39944535
0.44570148
0.47430053
0.28911042
0.23460136
0.36775947
0.4981341
0.10992958
0.3170429
0.65591204
0.2729998
0.20336552
0.7021914
0.89023
0.5791468
0.72059256
0.8129715
0.69375587
0.80723727
0.82616836
0.6705893
0.509445
0.6602535
0.73949355
0.82713157
0.653562
0.59963745
0.5434001
0.5921415
0.3188021
0.29299685
0.24909486
0.24833538
0.14677987
0.17444365
0.1541642
0.19939324
0.138366
0.24023157
0.19242337
0.231883
0.15911275
0.2737831
0.30936784
0.29699412
0.24414365
0.24300721
0.17901559
0.26808134
0.22486171
0.25034356
0.20450142
0.25163946
0.30991268
0.5455074
0.5132269
0.48226506
0.4040994
0.27574396
0.36615586
0.22412156
0.22946356
0.32232216
0.26570773
0.24948557
0.24306075
0.33098036
0.437829
0.24714552
0.5003854
0.46934432
0.55612373
0.47958755
0.8463749
0.9257135
0.71340966
0.85879743
0.9269843
0.87001795
0.7972097
0.36525688
0.9021279
0.8217088
0.26185164
0.2617732
0.902984
0.19667237
0.19957677
0.6404361
0.91046476
0.28169742
0.35711408
0.9111909
0.534753
0.3743595
0.67333555
0.91331196
0.7074909
0.6706369
0.8930935
0.9353765
0.92380404
0.69589937
0.6491006
0.93280476
0.88673264
0.5706931
0.6664165
0.887912
0.82359254
0.53793806
0.6757359
0.6576871
0.4786165
0.31460586
0.5657119
0.6162468
0.32443106
0.48627344
0.6212966
0.4985846
0.50231993
0.7135926
0.6120374
