0.11796566
0.25388977
0.23334284
0.1790958
0.18065338
0.18062139
0.16848706
0.18038215
0.12408377
0.16624138
0.1542567
0.18327169
0.17189837
0.17797618
0.24237715
0.1830951
0.23095772
0.1928694
0.17885919
0.20535514
0.2837878
0.23710506
0.19605158
0.294875
0.40103328
0.21336398
0.38398343
0.6800611
0.40921816
0.5466092
0.81138265
0.897081
0.74498177
0.7825105
0.8604989
0.76798546
0.84109163
0.87276983
0.74331045
0.5575642
0.74737865
0.8120092
0.84966564
0.64652425
0.5725412
0.5381726
0.5734241
0.33202085
0.2771836
0.25697938
0.2647252
0.102565125
0.18155664
0.2225166
0.18743342
0.14344409
0.5709924
0.3311978
0.351343
0.31012976
0.59154725
0.44115648
0.18139216
0.26364988
0.58191955
0.15591268
0.27731034
0.3758054
0.7372541
0.17430082
0.3467905
0.6211066
0.79335785
0.547224
0.7223578
0.77905965
0.72820026
0.70018476
0.50624526
0.28512534
0.449878
0.2822911
0.23335105
0.15101555
0.21791169
0.14621384
0.106360376
0.15439348
0.17328717
0.2366053
0.21374834
0.72711205
0.9085477
0.6441737
0.84300274
0.9269745
0.88880986
0.7608877
0.27514607
0.8945456
0.7567798
0.1293429
0.22332104
0.9186333
0.33441028
0.1052008
0.47309598
0.9013201
0.18866174
0.15159173
0.90420526
0.86915386
0.40990037
0.5449566
0.923741
0.85411024
0.58035105
0.8524439
0.94464946
0.9034744
0.5308233
0.6322243
0.9251149
0.847227
0.5867324
0.7138138
0.8851438
0.8041571
0.63543415
0.7365381
0.71282464
0.5341265
0.37937933
0.6245892
0.65876365
0.3566858
0.48928526
0.616719
0.47744134
0.46998763
0.6571969
0.5918059
