0.15729135
0.31058857
0.24987352
0.17957765
0.17847987
0.20433407
0.1584106
0.15458925
0.12218136
0.16627316
0.152684
0.1692735
0.15677205
0.16845761
0.3149281
0.1990439
0.27459687
0.2597921
0.24261686
0.29043913
0.39665613
0.31757545
0.245559
0.43297967
0.57540566
0.104475
0.2720657
0.75147724
0.33770597
0.18596813
0.6792376
0.89754087
0.64710146
0.7146951
0.81590545
0.70795876
0.81056
0.8263347
0.6677416
0.54751337
0.6637185
0.73353785
0.8345194
0.65049833
0.5979875
0.5183771
0.5744974
0.27890038
0.32500833
0.2634582
0.2609763
0.13739078
0.1954487
0.18058021
0.27642378
0.16756178
0.30971065
0.23908372
0.27854446
0.18715186
0.29480854
0.23414879
0.24626426
0.18158984
0.23505971
0.14151675
0.26430616
0.2591869
0.31599456
0.23893142
0.4892273
0.5352839
0.7727559
0.7382436
0.6941086
0.5847593
0.66313547
0.363304
0.2716648
0.23733518
0.4078158
0.25331405
0.20533854
0.47541335
0.29149365
0.4229322
0.30710354
0.7376396
0.327829
0.69400007
0.52948993
0.76597583
0.9042887
0.5527015
0.81071424
0.92143756
0.8445383
0.6858273
0.23137127
0.88925165
0.74783677
0.20150562
0.27253145
0.91478324
0.31926525
0.22057499
0.69942045
0.90151346
0.26018643
0.3300307
0.90320104
0.6691511
0.37291902
0.6177937
0.91423637
0.68477196
0.5707078
0.87227386
0.93855
0.88306165
0.57859325
0.718847
0.9262241
0.816171
0.63994056
0.7842892
0.88292027
0.81470186
0.6984927
0.7185905
0.65777045
0.61558414
0.47473374
0.577432
0.65662676
0.44169953
0.48688048
0.59663725
0.50716937
0.48422554
0.6452402
0.58197397
