0.19432238
0.38093936
0.3379618
0.29104415
0.3279897
0.24944483
0.20469782
0.22788462
0.18820839
0.19268532
0.2392174
0.25852624
0.1724163
0.1818196
0.44592035
0.19195575
0.22080152
0.22893648
0.20694895
0.25693062
0.29708913
0.20243931
0.19129092
0.32510698
0.35149193
0.09994441
0.33061236
0.61495507
0.2695288
0.53631705
0.8374143
0.89313996
0.73025036
0.8191742
0.90964186
0.72694826
0.83853453
0.9036489
0.7563196
0.48647603
0.7405975
0.7829999
0.7839207
0.47037873
0.39041832
0.521827
0.31105894
0.22289518
0.19061568
0.31350395
0.24356979
0.08288577
0.1372543
0.1451186
0.2149027
0.13442336
0.37502494
0.3627264
0.29350314
0.2104256
0.33965424
0.3023299
0.10774931
0.16949803
0.48455772
0.10251576
0.19518119
0.26525572
0.66924
0.13878188
0.15415883
0.60384375
0.79543465
0.507376
0.73900795
0.80552536
0.7987951
0.66513544
0.7462699
0.36032468
0.5897707
0.3390068
0.34548748
0.34968817
0.32146332
0.26328176
0.24468008
0.18933126
0.20363131
0.324624
0.2676768
0.7146603
0.8783947
0.5425422
0.6201237
0.91340464
0.848899
0.70139074
0.27890366
0.9040335
0.730176
0.18203117
0.2170667
0.8840797
0.1863554
0.20995529
0.6696792
0.9064012
0.23776516
0.33339146
0.89996433
0.7133709
0.41080225
0.62789565
0.9065065
0.73311913
0.59584445
0.87661284
0.9015842
0.92442423
0.62280744
0.6049783
0.9369729
0.90435034
0.6011936
0.5863689
0.91191363
0.88008475
0.5528225
0.68645376
0.7859802
0.6588768
0.29369006
0.5870194
0.6905649
0.23453034
0.29010415
0.6147784
0.56655085
0.42934343
0.6611425
0.5803848
