0.15644825
0.3573262
0.4033651
0.27101257
0.26060492
0.21564534
0.2583017
0.26639712
0.17851688
0.23008966
0.26567626
0.31646952
0.37317365
0.2589178
0.6401616
0.27157056
0.36400947
0.2802764
0.26648322
0.23397677
0.26207158
0.17860037
0.16292517
0.29059464
0.271168
0.09690838
0.27831712
0.587838
0.24415536
0.22676958
0.60044235
0.87517184
0.683272
0.76883316
0.7668313
0.68143326
0.83557904
0.81058633
0.66002816
0.55747914
0.73153055
0.7698468
0.83846587
0.6420733
0.54850787
0.5860401
0.4380402
0.43628672
0.46622157
0.37187988
0.39708623
0.13859996
0.13634624
0.11511803
0.15880175
0.09746184
0.14765036
0.11260301
0.1800127
0.09446326
0.14459492
0.13966414
0.12937993
0.101651266
0.24389079
0.14322121
0.21524873
0.1367884
0.32951355
0.21822147
0.12235177
0.23548813
0.69892526
0.39441195
0.23993546
0.5335936
0.75285935
0.4316576
0.4000314
0.45648772
0.726714
0.3024316
0.2880982
0.4924062
0.37488204
0.28217757
0.22696224
0.6892657
0.2898003
0.24179809
0.41676217
0.86794823
0.9105813
0.629378
0.87517595
0.93646926
0.87109244
0.8036046
0.51278067
0.909705
0.5844835
0.24483617
0.33581328
0.9267389
0.26888767
0.26554462
0.6972938
0.91478544
0.3459759
0.39223272
0.92659795
0.5206778
0.41210863
0.72139114
0.9268791
0.71292216
0.69504994
0.89596
0.93345195
0.89564794
0.66261274
0.6544951
0.93375444
0.8870932
0.6278598
0.7238607
0.8906453
0.8475827
0.68062437
0.7339821
0.7264687
0.64015174
0.4202023
0.5686974
0.6491346
0.40481785
0.39566755
0.5811324
0.5062779
0.46741295
0.65720963
0.5834408
