0.132306
0.29356384
0.26946276
0.17925511
0.18408751
0.14844242
0.14249066
0.14770856
0.112338744
0.16006732
0.16495502
0.24041395
0.20476027
0.22060344
0.5637406
0.26793402
0.31503046
0.32717782
0.43284228
0.44870374
0.5367422
0.2861491
0.26315624
0.5293846
0.4230321
0.14283164
0.27576655
0.54695714
0.2940251
0.41569093
0.7566403
0.88409835
0.60019934
0.6617827
0.7067995
0.70428056
0.8369582
0.8568048
0.67732936
0.5120514
0.75736994
0.79035467
0.84068906
0.6075819
0.59156847
0.558327
0.6230073
0.3273327
0.4624805
0.3469596
0.35344985
0.13425814
0.17731218
0.12611517
0.16605772
0.11833902
0.21566801
0.1352415
0.1991394
0.14598314
0.20746495
0.19332151
0.24653947
0.17214605
0.2417478
0.15443742
0.2566793
0.2547727
0.28250742
0.215976
0.22557056
0.37961027
0.5591121
0.44383708
0.36968333
0.51419204
0.539569
0.2995792
0.22457992
0.28238952
0.4318268
0.25257978
0.19957249
0.36505803
0.30695656
0.23878726
0.1859223
0.39558575
0.2858638
0.39022255
0.5534042
0.8700823
0.9166529
0.6958574
0.88125294
0.9328923
0.850777
0.8003949
0.41651264
0.88240314
0.50107366
0.19469102
0.25719145
0.89143294
0.21229048
0.18432559
0.59408015
0.9078856
0.2961323
0.38419577
0.9218841
0.7219049
0.43168196
0.6950373
0.9239088
0.7564568
0.66551626
0.88570464
0.9482461
0.91512173
0.61990124
0.6385991
0.93184084
0.8777016
0.5640101
0.6840666
0.90095323
0.84289235
0.476562
0.7152387
0.7627601
0.5941751
0.38948536
0.60623354
0.67946076
0.4042497
0.4096628
0.62490076
0.53460395
0.48542276
0.6706472
0.59726715
