0.16262776
0.24154387
0.33872175
0.29585394
0.32005808
0.32803956
0.44257897
0.47227275
0.42649764
0.4012444
0.5702137
0.49045327
0.35466233
0.5113541
0.75179625
0.39132613
0.4026747
0.44831952
0.43878254
0.3558092
0.4261225
0.42871445
0.73079383
0.55395067
0.5679311
0.47320595
0.6471788
0.6272517
0.30028862
0.6738254
0.84647954
0.8711485
0.54727805
0.79591376
0.9232734
0.7388777
0.8427661
0.8779019
0.7558356
0.45924848
0.7112986
0.74690515
0.7876078
0.45467106
0.5843368
0.5273859
0.6103391
0.29832813
0.32836565
0.3403764
0.31912553
0.11541391
0.16641417
0.1541717
0.20464194
0.12976184
0.28048873
0.28713015
0.28338432
0.1931115
0.2831073
0.3617495
0.22011802
0.19203065
0.57790655
0.21640696
0.18770668
0.2904121
0.55556315
0.17338632
0.22917196
0.3658551
0.762697
0.5810468
0.6462816
0.73348486
0.7444416
0.54310447
0.26737842
0.30948472
0.4825667
0.24068247
0.16342562
0.29333818
0.28098267
0.21066666
0.19398355
0.47531995
0.24846539
0.6114555
0.48675707
0.7564057
0.9192172
0.7154639
0.8792809
0.8961112
0.8727424
0.7932065
0.62919664
0.8238136
0.78475904
0.45380947
0.48515055
0.780995
0.31472296
0.1679545
0.34558526
0.39145675
0.28530413
0.21820444
0.32150123
0.29055247
0.24918981
0.24792066
0.23177612
0.28184834
0.3022704
0.32798186
0.31150976
0.39816144
0.3119772
0.2964084
0.31725204
0.30734155
0.32103443
0.33685952
0.34611773
0.33396497
0.3180643
0.30285773
0.28804225
0.31127867
0.28273502
0.26257834
0.30768237
0.4977121
0.26195997
0.29727858
0.36386576
0.28740934
0.26715848
0.25650153
0.26474595
0.23411047
0.18682106
0.19535562
0.22544019
0.19716175
0.17187388
0.28063017
0.23496988
0.22680679
0.2380772
0.16234607
0.13561863
0.102460735
0.086930685
0.10305854
0.088179775
0.07385554
0.08275129
