0.14606301
0.32054666
0.32329112
0.19844396
0.21599285
0.18955728
0.19279064
0.17985037
0.13663498
0.18692432
0.19273031
0.19909666
0.20153552
0.21261449
0.39805475
0.17767707
0.2801673
0.25484785
0.22479142
0.22497791
0.29867896
0.19759555
0.1744852
0.36613497
0.4760074
0.09933003
0.26560348
0.6519132
0.26713777
0.19412164
0.719476
0.897576
0.647791
0.8016313
0.85508084
0.7530649
0.8354376
0.8393929
0.72497016
0.55220807
0.7200141
0.79385704
0.8532615
0.6829332
0.63562584
0.60339135
0.62556446
0.37190756
0.39012927
0.3223087
0.34296536
0.20969597
0.21446261
0.17898023
0.24667683
0.16829546
0.23675162
0.15166214
0.2370998
0.14845505
0.26467788
0.3100964
0.19802211
0.21255842
0.4116673
0.19211528
0.37194505
0.21118243
0.29100552
0.21385029
0.24001649
0.29661155
0.5619801
0.3416507
0.24157937
0.2916561
0.29710424
0.25649405
0.25930658
0.2788863
0.44090727
0.24491414
0.20445673
0.37030095
0.32440302
0.26997405
0.21971385
0.56082326
0.38350475
0.40437773
0.47790712
0.8577106
0.9157957
0.73642546
0.86664367
0.9369519
0.88737726
0.80069184
0.37164605
0.8965468
0.83247304
0.22259867
0.3289201
0.91051584
0.5709081
0.2796157
0.5430492
0.86006147
0.40975052
0.3989622
0.8109345
0.77592856
0.5500112
0.50995654
0.6680493
0.6044241
0.3820222
0.49489647
0.5834554
0.45018756
0.3603917
0.46006137
0.3883039
0.29628655
0.23990414
