0.14629112
0.33892795
0.35856146
0.23956336
0.2161845
0.24431129
0.2300589
0.21684785
0.18562548
0.21089043
0.23805028
0.2796787
0.208981
0.22069265
0.5984314
0.21148512
0.31660795
0.26366347
0.27998886
0.2551964
0.28870207
0.18650605
0.18805474
0.37927312
0.27865994
0.07006428
0.24301991
0.5528881
0.16116351
0.17033814
0.7449063
0.8785129
0.6098002
0.7733417
0.9081116
0.7690034
0.8564069
0.861707
0.76303405
0.5250624
0.6787655
0.76733994
0.8315996
0.58425045
0.52568924
0.4883902
0.54160273
0.27351004
0.23356725
0.27531683
0.45604676
0.1397154
0.18313761
0.15876117
0.29564983
0.1379432
0.23100728
0.17829151
0.24136634
0.13961218
0.1478955
0.17823395
0.2176329
0.12042096
0.1468818
0.11769909
0.25689217
0.100919284
0.26016048
0.20902115
0.16923828
0.2347005
0.66699195
0.63097954
0.4236197
0.39692298
0.6374463
0.44623867
0.23498255
0.28162605
0.4482158
0.2685052
0.21195062
0.2544033
0.3398118
0.3369397
0.19375613
0.39370915
0.29709527
0.4173927
0.43873197
0.80824995
0.90984315
0.63385147
0.8611972
0.9191461
0.8773187
0.8263982
0.45149407
0.91038984
0.8385987
0.24976136
0.27927652
0.8982762
0.3664126
0.25564164
0.66749847
0.910307
0.39520925
0.40869242
0.8809314
0.6202279
0.47558576
0.53274596
0.81776404
0.5674863
0.5070586
0.71035296
0.7217107
0.5634897
0.48619476
0.5336605
0.6151472
0.4485259
0.43984208
0.37539038
0.3059093
0.39141047
0.31014353
0.30431634
0.24262877
