0.14974397
0.31841224
0.29484928
0.19957629
0.19509636
0.18566827
0.17493542
0.17930534
0.16037227
0.20414524
0.19871147
0.22256306
0.18417522
0.21157232
0.28887796
0.19552284
0.28424373
0.24079119
0.26476184
0.38744146
0.46234998
0.25276414
0.23951118
0.60881126
0.59844625
0.09765971
0.2996678
0.6641258
0.22482897
0.18643026
0.71130574
0.88848615
0.6180104
0.7230261
0.9041753
0.71246207
0.8195044
0.8553488
0.6653398
0.45405382
0.65429974
0.75115275
0.7986593
0.5798647
0.5285984
0.49384737
0.49870256
0.26531628
0.4741853
0.2964905
0.34080255
0.28885132
0.26907325
0.21747869
0.28336275
0.29051316
0.3434498
0.1970918
0.3046571
0.21084394
0.3924976
0.29062524
0.3374038
0.2744788
0.292112
0.17597243
0.54764193
0.3287503
0.28301898
0.29827157
0.5919364
0.36985603
0.6220479
0.5866621
0.43273544
0.27460334
0.43748674
0.3494664
0.3055159
0.18204984
0.37888405
0.24466164
0.26902455
0.32950723
0.262523
0.30028656
0.2803183
0.2719234
0.22795822
0.33179197
0.22345564
0.7008996
0.9042042
0.6738483
0.8403289
0.9260572
0.86177063
0.76015085
0.36077648
0.8931152
0.6977549
0.145475
0.22401418
0.8817202
0.19459994
0.108199716
0.4293923
0.88994855
0.17431945
0.2153422
0.90378445
0.76087976
0.35232544
0.5676953
0.9083145
0.66455716
0.52006406
0.8643
0.931559
0.8954438
0.56031656
0.646119
0.928116
0.86650103
0.6172818
0.6939094
0.88934064
0.823139
0.6825327
0.70708424
0.7042893
0.615928
0.40304887
0.5544349
0.62306774
0.39398712
0.42607477
0.59970695
0.507686
0.4712329
0.66352284
0.5854276
