0.06661246
0.08302576
0.14331447
0.18610992
0.26865134
0.3219398
0.28542307
0.4517806
0.34706572
0.4987041
0.29250687
0.28809807
0.28651765
0.32523134
0.3448178
0.2082875
0.3123331
0.41444778
0.3242545
0.2724485
0.3408443
0.6146515
0.78571796
0.62084585
0.7311165
0.68878216
0.67971224
0.8192045
0.8168121
0.68820804
0.5155248
0.7107027
0.75224745
0.84816605
0.5991504
0.55671513
0.5555398
0.6276369
0.35152093
0.3786473
0.32340539
0.3766413
0.16074538
0.18340348
0.16162288
0.23975678
0.15042654
0.27890968
0.20220417
0.2503107
0.16607763
0.2030697
0.24363331
0.24952479
0.1670944
0.21206048
0.13402896
0.24929102
0.15856051
0.26583052
0.18713138
0.22512309
0.42874798
0.7777181
0.58206826
0.7072059
0.7004917
0.77107924
0.5607937
0.33222055
0.326814
0.5702021
0.32901594
0.21179853
0.4089177
0.37702137
0.34964636
0.23338109
0.64048946
0.3740501
0.7500568
0.5637152
0.8381032
0.923198
0.6787189
0.86248785
0.93827677
0.89437157
0.8131804
0.40988296
0.91000086
0.7989815
0.21293066
0.23478498
0.9007475
0.19580579
0.20068672
0.58309996
0.8996074
0.23056349
0.2693859
0.90010387
0.5517191
0.3899751
0.6701278
0.9182291
0.8062894
0.75504494
0.89181036
0.9308003
0.8939765
0.60544086
0.6398725
0.92996985
0.86938393
0.5891099
0.7104419
0.90077066
0.84115034
0.6357094
0.68935007
0.7531093
0.64769006
0.43048292
0.6022987
0.6816057
0.4329489
0.39825436
0.61068726
0.54856586
0.4875772
0.65839034
0.5974305
