0.20065087
0.40149578
0.3812418
0.23099746
0.20379953
0.19655852
0.19732034
0.1878973
0.1555736
0.22034256
0.26124337
0.2989481
0.28699675
0.26974475
0.721916
0.21508236
0.26876965
0.26834044
0.25118282
0.22069314
0.2992938
0.23093908
0.197903
0.40136942
0.49958026
0.14597371
0.317337
0.71091443
0.36788777
0.42393264
0.8273313
0.9115515
0.7426239
0.8120854
0.8285074
0.7212937
0.84591556
0.87769026
0.74723184
0.55341256
0.7793139
0.8065265
0.8545204
0.6627994
0.6145458
0.58016026
0.62904364
0.39110923
0.42497203
0.35472393
0.39292458
0.16643018
0.20220666
0.151325
0.21037722
0.16343962
0.23374946
0.16012469
0.28083152
0.2058377
0.26564166
0.2582358
0.33091408
0.20533434
0.20053832
0.16434205
0.41597152
0.27451575
0.31547067
0.35470492
0.63730496
0.39011672
0.74965715
0.8205601
0.59234816
0.49598363
0.6641929
0.45033392
0.23683085
0.29276177
0.52287084
0.26939657
0.20682433
0.4901078
0.3611127
0.3539823
0.32267323
0.67227244
0.3226136
0.73882455
0.66363984
0.8398245
0.90661985
0.75041455
0.8322699
0.84677356
0.81291497
0.776294
0.64807284
0.792308
0.7460209
0.50795424
0.49862453
0.68234026
0.44424984
0.35045576
0.39481503
0.4028457
0.43316877
0.21888532
0.17556551
0.19842523
0.1408007
0.12954418
0.097948015
0.07208188
0.07231018
