0.16279513
0.30351427
0.24728268
0.16459745
0.14911732
0.1865601
0.14601375
0.14745325
0.108961485
0.15624215
0.15863708
0.18901269
0.20054825
0.19921605
0.59267217
0.216026
0.2735429
0.26504996
0.27026272
0.23898388
0.29501912
0.19818619
0.21204962
0.3453471
0.4040591
0.1100791
0.2746373
0.58089477
0.25780404
0.25373927
0.732308
0.87722576
0.56564605
0.7648943
0.7151221
0.68511283
0.81346744
0.8346882
0.656163
0.5262488
0.7315396
0.7716679
0.8368051
0.64327115
0.59670085
0.51558125
0.53148943
0.2920904
0.31783172
0.2561747
0.2861451
0.12444703
0.16536751
0.1359337
0.24933977
0.14088154
0.22032972
0.17080446
0.2547736
0.16969481
0.2126154
0.25257483
0.16359633
0.15136161
0.12675655
0.122796126
0.21345519
0.12071712
0.20760761
0.18634503
0.19192432
0.2469276
0.5954856
0.46484223
0.30141437
0.39540705
0.5561881
0.4183191
0.26422736
0.27518132
0.53053623
0.30357453
0.21497805
0.30349177
0.34415504
0.29390383
0.16841532
0.3495941
0.34481847
0.47565988
0.42106557
0.8107289
0.92195755
0.6868
0.8492834
0.9288932
0.88720214
0.76986134
0.2744667
0.8985305
0.78569394
0.13708137
0.20716906
0.90163684
0.22681653
0.13607037
0.5367407
0.9199885
0.27141887
0.28615737
0.9125178
0.8545404
0.36107162
0.5805231
0.91815454
0.7405984
0.54529476
0.8719082
0.94082254
0.9068871
0.54776376
0.6272594
0.92363966
0.85717434
0.593308
0.72987574
0.88573784
0.82423896
0.698661
0.7443341
0.6933036
0.6385563
0.45805028
0.59835166
0.6727188
0.4695504
0.5262846
0.6061118
0.5205513
0.49539784
0.66590196
0.58819336
