0.13842264
0.3314753
0.28123683
0.19869182
0.15309167
0.21324131
0.17187457
0.17047502
0.145471
0.17565094
0.18325852
0.19685313
0.17831989
0.17757279
0.31328318
0.15839648
0.23388202
0.22924815
0.23598352
0.24250363
0.3409461
0.21637191
0.21061541
0.4250941
0.39567748
0.117882974
0.24544881
0.5717253
0.24533506
0.2545901
0.6553295
0.86367905
0.47415906
0.6656992
0.69082433
0.64275676
0.7966438
0.80728555
0.62397605
0.50548655
0.748501
0.7872415
0.83336437
0.66381145
0.6158189
0.5480858
0.5864763
0.33601296
0.3896028
0.30945256
0.30141246
0.12843055
0.17528448
0.14117116
0.19690965
0.12241468
0.21663545
0.1435682
0.20460299
0.14301912
0.16377467
0.16752101
0.21746477
0.14327495
0.15445536
0.15333614
0.31990576
0.13644639
0.24064502
0.23288399
0.19914879
0.24622367
0.68436307
0.6471627
0.4556275
0.5462099
0.7617939
0.56781316
0.35997653
0.35307342
0.78384465
0.36258066
0.2413347
0.43273488
0.38146397
0.2849129
0.10459355
0.23894073
0.20938629
0.24970296
0.24017513
0.7901563
0.9139848
0.594569
0.84388787
0.9254528
0.86756516
0.7417799
0.27392772
0.88694334
0.78699553
0.18201149
0.22741695
0.8970854
0.24003571
0.1555136
0.59398633
0.9139016
0.3026487
0.3966798
0.91096675
0.689997
0.38396096
0.66927344
0.9192845
0.6858917
0.6040558
0.8827356
0.938056
0.89646775
0.57086843
0.6177681
0.92245173
0.8452067
0.5968633
0.73768467
0.8866011
0.82045025
0.6879772
0.73691857
0.6822104
0.6135926
0.4211294
0.5796455
0.65889436
0.44095486
0.49158776
0.5903193
0.5039152
0.4817224
0.65946454
0.5840721
