0.0954843
0.14754651
0.19052291
0.14913759
0.1623388
0.18191083
0.18096769
0.21691747
0.27637026
0.22056045
0.18319325
0.21969767
0.24963738
0.24157019
0.40797937
0.25317472
0.28282684
0.24977338
0.25967735
0.3331476
0.4116187
0.2888344
0.24399441
0.3162221
0.42426613
0.09159557
0.28187796
0.6105144
0.26989552
0.23253855
0.71220654
0.8966521
0.5859153
0.69454813
0.84231025
0.7469919
0.8320974
0.83721375
0.8484944
0.5670769
0.7583082
0.8196369
0.8540941
0.5351577
0.44511327
0.47668245
0.41152272
0.20563309
0.2827465
0.18076357
0.1684843
0.1352386
0.17870997
0.19129364
0.26152053
0.15239507
0.2363496
0.27135295
0.3362766
0.30252108
0.53130776
0.41524437
0.4295789
0.3217102
0.64641136
0.22273436
0.27989894
0.32958388
0.64034474
0.17274208
0.3419831
0.49635664
0.7856912
0.6603762
0.72073114
0.75918376
0.71530706
0.59147704
0.36499166
0.32143804
0.41543075
0.21240962
0.15930602
0.18214211
0.20438114
0.12744959
0.12832285
0.35306007
0.1814272
0.20918524
0.5986589
0.9031801
0.8871598
0.7290415
0.9060201
0.939576
0.8920461
0.85537744
0.6156961
0.916271
0.7176327
0.2642529
0.37234598
0.9289349
0.4431698
0.19180913
0.653728
0.9229519
0.38627112
0.24636137
0.88542926
0.87655
0.38292027
0.41099575
0.8791708
0.70920265
0.52591544
0.6263313
0.8106506
0.9331941
0.8242793
0.7353567
0.94056106
0.89420724
0.59593
0.68394685
0.9019711
0.8465438
0.5514474
0.7237204
0.761195
0.7323591
0.3494544
0.58754313
0.6517712
0.38461682
0.4149578
0.6180097
0.5139907
0.48539853
0.62062615
0.58953816
