0.13044205
0.31986743
0.35262534
0.20970438
0.21243563
0.27555808
0.24776189
0.2116292
0.18946114
0.26074973
0.23582107
0.25812104
0.2900668
0.2982977
0.6895024
0.50005794
0.58650726
0.5219178
0.47385576
0.39584893
0.40478882
0.32383293
0.3519915
0.3379816
0.40952286
0.2148874
0.31017214
0.54573834
0.24336411
0.308146
0.6936786
0.88114864
0.57948285
0.7599543
0.8366545
0.7335088
0.82865584
0.8447433
0.71198
0.50359744
0.6680948
0.747739
0.8310127
0.6071133
0.56808645
0.5210561
0.5384799
0.25729984
0.2326041
0.24877806
0.23821628
0.11650984
0.1917719
0.19885886
0.27367496
0.119326405
0.52014685
0.370698
0.32847214
0.24183445
0.59050834
0.51664096
0.3931364
0.36720753
0.60117817
0.15750667
0.23289493
0.20715867
0.29753056
0.17071849
0.24063638
0.4571255
0.71548796
0.45895505
0.5670732
0.5402455
0.40250644
0.3308638
0.21995309
0.23581342
0.31618497
0.24041736
0.22046071
0.24033669
0.31282863
0.36779293
0.22619249
0.49733052
0.48068908
0.5602026
0.49793857
0.86364853
0.9263567
0.70623976
0.8582706
0.9281052
0.86891246
0.7908641
0.332405
0.9120707
0.7582159
0.17513785
0.22149797
0.8812847
0.12860352
0.14587517
0.6745419
0.901261
0.20114297
0.30473375
0.9212367
0.72693896
0.43388417
0.67041856
0.92693263
0.7997573
0.6576476
0.89017373
0.94530827
0.91532975
0.64179534
0.7055333
0.9308382
0.86881673
0.608595
0.7422607
0.8839803
0.8187099
0.5542632
0.66553015
0.6471434
0.48381194
0.3523414
0.56375897
0.61519927
0.31766427
0.47750852
0.622565
0.49844807
0.5024621
0.70295334
0.6160272
