0.1899438
0.39160505
0.33691972
0.24847758
0.2628532
0.22154762
0.19568874
0.21733542
0.19211955
0.19290173
0.17631245
0.22112396
0.23694418
0.2034845
0.3911591
0.19475724
0.22416764
0.22597043
0.232722
0.30306268
0.3105638
0.21683724
0.22608015
0.43772703
0.35923803
0.15270768
0.26389647
0.49499458
0.34005326
0.3487154
0.6420936
0.8619419
0.61017287
0.7664495
0.8032814
0.7327935
0.8044014
0.8430589
0.71934533
0.535774
0.7169149
0.77627516
0.79566514
0.3233423
0.41432023
0.4237083
0.19794287
0.1875618
0.14030573
0.15348317
0.17429866
0.12308897
0.14839214
0.15114126
0.2400751
0.20324166
0.42459714
0.21136865
0.22075693
0.16267726
0.24256338
0.25267285
0.20855592
0.21121024
0.32345188
0.14362016
0.3126713
0.27637824
0.3125879
0.14993098
0.22617236
0.51570255
0.7044183
0.6429249
0.74872965
0.73757285
0.7541887
0.6553752
0.48148534
0.33074582
0.5074232
0.314684
0.21455373
0.3297187
0.30416465
0.26087907
0.18961985
0.3053075
0.21793248
0.24875934
0.36642236
0.8344798
0.9171596
0.6602854
0.8658994
0.9345417
0.85805184
0.7410415
0.32369313
0.8772768
0.354605
0.108398646
0.20456368
0.89450204
0.21070662
0.11618616
0.507367
0.8992073
0.24390951
0.35712087
0.9192335
0.82912344
0.4951163
0.67103386
0.9133579
0.71360624
0.61698616
0.8623694
0.92817724
0.8881808
0.55132264
0.6528359
0.9175084
0.8510193
0.615833
0.71823317
0.88815296
0.82565427
0.6937299
0.74430555
0.69665974
0.5866703
0.4034586
0.56274605
0.6234623
0.3860327
0.3969654
0.59068376
0.53240526
0.47595772
0.64988333
0.59229374
