0.008774637
0.02327722
0.031428266
0.041689884
0.048087437
0.046112932
0.038805485
0.048009336
0.04152706
0.053718716
0.06962191
0.04465527
0.042083826
0.061859984
0.05496525
0.097590394
0.21848078
0.18830594
0.085199006
0.12574147
0.094556734
0.12112292
0.13691095
0.20858878
0.23046422
0.22190347
0.19474317
0.22424862
0.18488304
0.21736366
0.2071161
0.20257616
0.19944327
0.25336704
0.29061857
0.39305198
0.54373884
0.43358088
0.22943294
0.24959143
0.16279784
0.16413832
0.14198491
0.10402234
0.14554216
0.16170725
0.19536892
0.14010021
0.18793653
0.51583576
0.17252313
0.24695079
0.25899488
0.27043226
0.21633969
0.2592379
0.21856621
0.1828089
0.3475816
0.4677319
0.0834457
0.26804197
0.6209359
0.25556648
0.21344373
0.7467351
0.8995458
0.540931
0.7794142
0.8580833
0.72099346
0.81242144
0.8262652
0.7191646
0.47931245
0.67062867
0.75479937
0.82044744
0.6232489
0.5806525
0.54009134
0.5453528
0.31123632
0.30312735
0.22412218
0.24822418
0.15238966
0.1612271
0.116877906
0.17356779
0.13045885
0.20156623
0.13693357
0.23463385
0.16714832
0.28114057
0.2524943
0.2169737
0.20879999
0.44363153
0.17467554
0.340946
0.32736588
0.57529753
0.18626337
0.2436593
0.3736976
0.5826409
0.2827025
0.37588188
0.5395246
0.4876669
0.4213336
0.28665897
0.22977142
0.28207234
0.17985152
0.12019403
0.18608299
0.18428117
0.16703051
0.12716438
0.33196512
0.23337393
0.28524634
0.32963344
0.8128541
0.88433
0.65576535
0.85773945
0.80985534
0.7554747
0.76582783
0.48125887
0.6375799
0.51957494
0.21053934
0.16858011
0.21253042
0.17972156
0.09834504
0.10933328
0.13490523
0.15593122
0.13251749
0.15874834
0.15983227
0.15204984
0.19258688
0.18542996
0.21737777
0.11725282
0.0808558
0.14709273
0.10397542
0.12306483
0.092097916
0.08570091
0.091709286
0.093069434
0.11227536
0.08407885
0.09207842
0.11321588
0.12716049
0.10277323
0.1473876
0.14771177
0.16325851
0.18107225
0.18786867
0.16813897
0.16010056
0.22857088
0.18446653
0.14535414
0.15968935
0.14531952
0.10462808
0.06745632
0.09237587
0.055743624
0.048175763
0.040686622
0.041391
0.033868257
