0.15190671
0.3301533
0.30359623
0.22166502
0.2389632
0.21174963
0.1938859
0.19746982
0.17887461
0.20977125
0.21094076
0.22554037
0.17416558
0.19781151
0.34446976
0.17309484
0.23320055
0.22729918
0.25145462
0.30245838
0.35493794
0.23391595
0.20235588
0.34982315
0.38361415
0.11698063
0.23141503
0.5413083
0.22021408
0.18618137
0.6464657
0.87242573
0.6141864
0.68436766
0.77842885
0.69845676
0.81583166
0.8309504
0.6333414
0.52949667
0.6414677
0.7259554
0.80723184
0.57674897
0.5016498
0.45394385
0.4940307
0.25770617
0.3510937
0.28964967
0.33465764
0.2721732
0.24645136
0.21467988
0.28326246
0.29837608
0.3495946
0.20077966
0.31108654
0.21479464
0.3891491
0.2907145
0.33587655
0.27293515
0.28007162
0.16899784
0.55721587
0.3306689
0.28285256
0.30469838
0.6089553
0.3691074
0.6092058
0.6301453
0.42829004
0.24543451
0.36340696
0.28821215
0.2570488
0.13053146
0.26998973
0.19913419
0.24551502
0.29020095
0.23155428
0.32272932
0.25362453
0.3260525
0.28022704
0.38440174
0.39789543
0.78660387
0.90654725
0.6418834
0.846706
0.9217687
0.8504973
0.77381885
0.46828952
0.90587115
0.71808213
0.16096765
0.24750297
0.8914524
0.19663191
0.13541475
0.5221831
0.89411724
0.17986268
0.22163135
0.9014911
0.724562
0.3305794
0.5532862
0.90847045
0.6518248
0.5156214
0.86206263
0.9290383
0.89538294
0.5558365
0.6378934
0.9268318
0.8646102
0.611094
0.68697876
0.8883831
0.82216036
0.6797321
0.7043386
0.70049334
0.6057562
0.39303622
0.54905957
0.6166079
0.3896613
0.42175156
0.5981312
0.50810057
0.47344112
0.6617663
0.58241814
