0.1819178
0.3474599
0.3054214
0.19224836
0.17654935
0.17842029
0.16988087
0.17201234
0.15089613
0.19950463
0.1997993
0.24780262
0.21651836
0.24789956
0.578236
0.2089519
0.25749636
0.2920982
0.24523984
0.23504244
0.29713178
0.22317094
0.1949281
0.37763047
0.46202505
0.14835417
0.2938337
0.5801961
0.36665827
0.42566508
0.79226464
0.88912594
0.7272762
0.7792483
0.7893796
0.72771883
0.84045225
0.8371719
0.6685974
0.52938205
0.7838288
0.7926023
0.8510441
0.6500063
0.5837047
0.54231274
0.60772336
0.36123756
0.43744713
0.33203244
0.36998263
0.1615703
0.19522859
0.14162482
0.18560548
0.13242367
0.22296715
0.14430152
0.23320438
0.17613834
0.2537753
0.23169118
0.26919976
0.17928253
0.1933883
0.13858445
0.3585335
0.26141918
0.3014045
0.28551203
0.60509866
0.4278378
0.7612775
0.8279309
0.6097395
0.5779706
0.7180845
0.5081833
0.25015402
0.2377388
0.6321455
0.28927624
0.1912962
0.5343322
0.3378484
0.34469727
0.22693989
0.6950929
0.27459165
0.6606556
0.43864974
0.7755712
0.89804965
0.55415875
0.8243799
0.9285341
0.8591796
0.7604216
0.3051927
0.88857543
0.7810025
0.19612813
0.20627818
0.89920986
0.1764789
0.1577675
0.5225578
0.89637834
0.20970136
0.25820792
0.9008834
0.6184709
0.40307793
0.65624416
0.91693056
0.73299134
0.736924
0.8854433
0.9289644
0.89426434
0.62039375
0.64101976
0.92912275
0.86807734
0.60250187
0.7257954
0.90272266
0.84615755
0.6447592
0.6960629
0.73510385
0.6397469
0.4361936
0.6254102
0.6834094
0.43243688
0.48062342
0.6427351
0.5646702
0.49516147
0.6418868
0.5897115
