0.15350434
0.3410885
0.4004801
0.30201337
0.3267725
0.29887536
0.28158066
0.29594043
0.29894266
0.27227595
0.24099542
0.28908458
0.24573515
0.24541183
0.2888239
0.21918064
0.21494836
0.2615744
0.2991426
0.46069667
0.37371218
0.39212623
0.47734517
0.6791148
0.2534323
0.7622056
0.7670838
0.40945533
0.60522264
0.7325568
0.85608053
0.6785279
0.7856895
0.7197711
0.65573317
0.81360126
0.83966595
0.65644157
0.49929363
0.705533
0.7275642
0.83385825
0.64140964
0.48837146
0.48818967
0.5635723
0.35964862
0.36889347
0.2709863
0.33053547
0.16273019
0.15728365
0.12987632
0.16270737
0.14451617
0.15931967
0.15248336
0.20978285
0.15191609
0.14805074
0.13760658
0.20046905
0.116916545
0.13770655
0.13423406
0.27777323
0.15939905
0.28362167
0.26738724
0.22750925
0.2295562
0.40260893
0.45613027
0.33812076
0.3928008
0.6572368
0.4618667
0.37187463
0.40827486
0.75622445
0.4837627
0.35158363
0.6314278
0.44333863
0.45888716
0.21922629
0.52721465
0.34596816
0.3730579
0.35037962
0.77495426
0.92274284
0.59702784
0.84382576
0.9288785
0.8773626
0.7802979
0.35070962
0.9162127
0.8118849
0.24930142
0.27126035
0.9273925
0.19525868
0.2414645
0.7688553
0.91538954
0.29027474
0.3819541
0.9301893
0.770558
0.530845
0.7673814
0.9318644
0.7831285
0.64750594
0.8858951
0.83010626
0.9351968
0.67659605
0.6622132
0.9220129
0.9086221
0.6561687
0.64247966
0.88214964
0.85133743
0.60086554
0.6857234
0.6951326
0.63865954
0.38024905
0.57903814
0.66770715
0.39543733
0.41878572
0.5938547
0.5094353
0.4849084
0.6837643
0.5980062
