0.1547146
0.37209797
0.43060583
0.2955606
0.47332925
0.35074064
0.34067884
0.26550618
0.22904484
0.29564807
0.26486048
0.3436118
0.39428997
0.6181736
0.7153995
0.18967389
0.2732469
0.20805351
0.20329809
0.24680483
0.3280611
0.21504872
0.17981054
0.29866198
0.35997254
0.065801375
0.21368644
0.63164777
0.24494575
0.17249924
0.68746495
0.8975189
0.63627607
0.75579494
0.82183886
0.73026395
0.8303962
0.83244914
0.66370934
0.5355365
0.6953288
0.74191755
0.82249033
0.6606184
0.61213815
0.5373434
0.6004713
0.3826122
0.39455935
0.2570845
0.28963646
0.15947124
0.15860547
0.14559315
0.17461053
0.10955088
0.16225904
0.12316395
0.16249985
0.10283594
0.15832831
0.21743907
0.2307002
0.20307396
0.28289643
0.20349112
0.56277066
0.26478925
0.26582417
0.32600957
0.47995713
0.338631
0.6654801
0.720005
0.50354606
0.30015898
0.5708889
0.39360204
0.22219223
0.22080816
0.59051514
0.36220255
0.1996673
0.36290818
0.380828
0.35155845
0.197112
0.4657717
0.30439386
0.3501572
0.3688096
0.8089743
0.9142931
0.6139401
0.85368437
0.93363273
0.8732535
0.7608222
0.34981602
0.9058139
0.6998162
0.12975702
0.23160581
0.91636115
0.19202672
0.12730205
0.55262995
0.9281668
0.24341196
0.25542182
0.91729665
0.8116406
0.4049038
0.46320638
0.9093851
0.85113096
0.48704353
0.6454666
0.93745625
0.9170746
0.85012186
0.7150106
0.9346365
0.8617119
0.5819689
0.70704496
0.8856806
0.84306085
0.6604389
0.66504765
0.69053125
0.58087283
0.36661813
0.5081649
0.58194005
0.30307877
0.40355292
0.5628643
0.46945333
0.4615224
0.6609506
0.5933865
