0.1365537
0.2864394
0.2765675
0.1886386
0.17515147
0.17584561
0.18174094
0.17613958
0.14896291
0.18522142
0.18781051
0.21777225
0.2085499
0.21660072
0.4009676
0.19491747
0.31145892
0.24796054
0.27282864
0.2961545
0.35029984
0.22444354
0.19512121
0.40159953
0.3463194
0.12058654
0.2432119
0.49355415
0.28017074
0.33546826
0.7631919
0.88401014
0.6642342
0.7651097
0.74355763
0.73734134
0.8279952
0.84635675
0.70173645
0.5442513
0.7556704
0.80153686
0.8251064
0.5643807
0.51235944
0.46450335
0.4200892
0.2742405
0.3239921
0.24240395
0.22808173
0.15658404
0.19218145
0.16697869
0.20839106
0.15706953
0.24083586
0.19638586
0.2820467
0.15586013
0.2290592
0.17918998
0.17952509
0.12984943
0.13153405
0.12380936
0.19972292
0.15244369
0.26713568
0.25296828
0.40290996
0.23504955
0.70203125
0.6410808
0.3471946
0.28872332
0.5453898
0.35166243
0.2954188
0.3110936
0.49207056
0.2623692
0.24061169
0.38499504
0.30399957
0.3193112
0.24911822
0.42988265
0.3321063
0.59894526
0.5208921
0.7911059
0.9162087
0.77595145
0.8716567
0.89938605
0.8582822
0.85206497
0.6417276
0.84215665
0.79330593
0.52015007
0.34324545
0.6469256
0.48486957
0.49561295
0.59614307
0.8275022
0.5455378
0.5360408
0.59873503
0.5463502
0.39161503
0.5085256
0.41714585
0.31224227
0.31521952
0.27269322
0.2737721
0.3250417
0.3279568
0.23547475
0.36001307
0.39285523
0.36961523
0.52807325
0.46864727
0.52717966
0.660887
0.5554973
0.49524382
0.5035377
0.39516094
0.23517412
0.21481922
0.1432273
