0.1640435
0.29699504
0.24232422
0.15852125
0.15968876
0.14431177
0.13640448
0.13579425
0.108141944
0.14261654
0.12682006
0.15985173
0.14798653
0.1584609
0.25630787
0.16366626
0.22009039
0.2212902
0.19595431
0.22202498
0.30277422
0.20667568
0.20220877
0.41201496
0.5022658
0.12029018
0.2740705
0.6620395
0.33100513
0.24051236
0.6378912
0.89418787
0.6981405
0.77384007
0.8704213
0.78429693
0.845857
0.8852196
0.81430763
0.5763542
0.73756444
0.8118433
0.8030955
0.34442905
0.48721892
0.4970462
0.2749276
0.2011745
0.30893973
0.20262083
0.2392712
0.14261422
0.1602049
0.1326139
0.19617249
0.13813329
0.21131724
0.14083587
0.20558572
0.14387135
0.22407313
0.2012104
0.22857504
0.17715248
0.33198437
0.118174545
0.27528518
0.31899005
0.3612466
0.16733581
0.32691386
0.60108024
0.75298077
0.74620557
0.7355347
0.74068725
0.7589703
0.52751005
0.41040924
0.30573916
0.50703746
0.27490354
0.16926116
0.2573067
0.26307288
0.14321129
0.08497624
0.15350711
0.15102673
0.2249843
0.20089701
0.7555645
0.911353
0.6412395
0.8489135
0.9280384
0.8830231
0.778337
0.29056045
0.89042526
0.78006995
0.12086249
0.19544023
0.8932682
0.20960335
0.12114244
0.4915812
0.9048284
0.24622627
0.2781119
0.9058902
0.84965307
0.38262925
0.6499685
0.9204556
0.7678857
0.64895433
0.8759662
0.93859893
0.90590894
0.55839366
0.568614
0.91806763
0.8664879
0.55884
0.6850767
0.88595223
0.82911265
0.6267586
0.7178384
0.6951092
0.63369817
0.41895607
0.60088784
0.6766277
0.4637711
0.5368842
0.60561246
0.5154957
0.4915086
0.6688902
0.59344834
