0.15913868
0.29261968
0.23836815
0.15698683
0.14357162
0.16837826
0.13438924
0.13425629
0.10376996
0.14534491
0.14221205
0.17879719
0.19326839
0.19331934
0.5053147
0.22991873
0.33632767
0.31622258
0.35266006
0.35950077
0.49389413
0.2905943
0.30377218
0.59300727
0.6227376
0.12888981
0.31638232
0.60262394
0.2528687
0.2681327
0.72249526
0.8771421
0.5415807
0.7363793
0.68087274
0.66343766
0.8133082
0.8256533
0.64009404
0.5129487
0.7277742
0.7610766
0.8341343
0.63526535
0.5910589
0.5155163
0.55538076
0.3092557
0.34995306
0.30858785
0.35990116
0.14845316
0.17869568
0.14575751
0.22487357
0.14453441
0.21330617
0.1505545
0.22231185
0.15422645
0.13601214
0.16101974
0.12544948
0.11027581
0.10512308
0.10163154
0.13448218
0.10648764
0.20773034
0.17512321
0.1538979
0.22767359
0.5994706
0.3766133
0.26799345
0.38720304
0.47842816
0.37855086
0.26375183
0.2740454
0.5198134
0.30795902
0.21839705
0.30295566
0.34889767
0.29996213
0.16932067
0.34233466
0.3461066
0.4675503
0.4044221
0.8026193
0.9200239
0.66968834
0.8423401
0.9270918
0.8798934
0.7536669
0.25980976
0.8921344
0.77034885
0.12951292
0.19792032
0.898005
0.21708983
0.12909997
0.518351
0.91695595
0.260099
0.27715328
0.9092795
0.8512889
0.35689336
0.5679732
0.91679776
0.7349811
0.53898686
0.8696394
0.9399132
0.90624315
0.54114866
0.620034
0.92209995
0.85402423
0.5870001
0.7257763
0.8847904
0.82284456
0.6940102
0.74112463
0.68840665
0.6307633
0.4459092
0.5926435
0.6689506
0.4568432
0.5125126
0.6007946
0.5167116
0.4910903
0.66658914
0.5891563
