0.18163837
0.36441788
0.35937485
0.2534674
0.24844511
0.2628815
0.27268413
0.20342682
0.17143147
0.24850014
0.23940156
0.2124797
0.2245823
0.38054985
0.585905
0.2089594
0.32593927
0.34288105
0.22476983
0.18662083
0.2507837
0.21596926
0.1587352
0.18985009
0.27718177
0.116550766
0.20443852
0.38755628
0.24375948
0.26062173
0.67629266
0.8680324
0.5731782
0.7092596
0.6135107
0.6773567
0.793416
0.7846035
0.64369273
0.48095256
0.6670898
0.7192661
0.82191795
0.54008096
0.44577718
0.43686017
0.4764664
0.21964772
0.21984433
0.22278634
0.22532456
0.13441624
0.17097093
0.15281342
0.29768935
0.19085445
0.23841086
0.19069092
0.26890877
0.2638115
0.4444778
0.2517709
0.27805883
0.3209095
0.40857446
0.17787462
0.24361336
0.30024794
0.4075579
0.16524272
0.23838922
0.44421658
0.6916031
0.31026176
0.5376172
0.6189485
0.6159864
0.3716489
0.3046332
0.45762208
0.33915624
0.2533113
0.24701077
0.21181975
0.2578214
0.26091713
0.1794886
0.20400533
0.24955554
0.2596248
0.40302852
0.7652186
0.9176601
0.777141
0.8527207
0.9217655
0.8932207
0.7610834
0.28512195
0.9088212
0.7725049
0.13554142
0.22070542
0.93113124
0.25058356
0.13021946
0.7197007
0.91451836
0.27789465
0.2625994
0.92064047
0.7600457
0.38813335
0.66933745
0.9103697
0.7841907
0.6116269
0.8768472
0.8703965
0.9080357
0.8007059
0.6484889
0.90675616
0.8788539
0.63074195
0.547194
0.8626154
0.8465862
0.7150905
0.6320385
0.66092104
0.65184146
0.47489747
0.5257677
0.6109434
0.41748708
0.41917786
0.5622615
0.4998599
0.46835473
0.6476356
0.5708737
