0.16367137
0.31820264
0.25657046
0.18744817
0.20282254
0.2218375
0.18480508
0.18369578
0.13570757
0.19412312
0.19629112
0.23104225
0.21086156
0.21275406
0.6533517
0.2370596
0.26392934
0.26493058
0.24568829
0.23790453
0.26169342
0.2086306
0.18648444
0.29217935
0.37438133
0.09017539
0.265829
0.6322768
0.2081062
0.16611072
0.68416786
0.87644833
0.5563679
0.72509927
0.8038302
0.5981112
0.7929038
0.8398182
0.6723962
0.50651103
0.6858729
0.7525188
0.81194615
0.6350752
0.5799966
0.51993024
0.504398
0.35101378
0.40240103
0.2907055
0.33346978
0.26555234
0.20815681
0.1698538
0.25327668
0.14516725
0.25402328
0.15044598
0.19772275
0.14998624
0.34046847
0.39401013
0.22490728
0.3945761
0.711173
0.21997939
0.43244925
0.57455784
0.656314
0.21881157
0.4111491
0.5719548
0.7916791
0.50973976
0.6272813
0.64390373
0.69831896
0.42113453
0.37133121
0.29330462
0.267346
0.2003389
0.17610984
0.14686604
0.13803108
0.15756825
0.14222369
0.18919134
0.18417397
0.4822599
0.3926074
0.80091673
0.8990202
0.6489344
0.8591733
0.9268871
0.8565759
0.779493
0.4941973
0.8800296
0.72118014
0.19958639
0.20498525
0.8593164
0.16788459
0.16297404
0.53418183
0.8824413
0.20757405
0.2835667
0.88869977
0.48220822
0.33140483
0.6291232
0.8881567
0.6317403
0.59730536
0.8835347
0.9226992
0.8719644
0.5918721
0.69633335
0.93153965
0.7914655
0.61530364
0.7771501
0.89107984
0.81247437
0.72243917
0.74396443
0.6618438
0.59901154
0.47112095
0.57922673
0.6457325
0.4261017
0.48152092
0.58810514
0.5027456
0.47520664
0.6433523
0.57769084
