0.1289513
0.29899824
0.31930122
0.21526514
0.2172032
0.3104159
0.25923955
0.26567456
0.1789207
0.26586193
0.24134757
0.35824537
0.23878577
0.22609395
0.45926216
0.21758966
0.24624413
0.35112226
0.32472116
0.34292826
0.48630288
0.30604044
0.38446662
0.34748134
0.16571921
0.30620897
0.6393078
0.2956189
0.41792175
0.61146486
0.842804
0.5488282
0.7390681
0.74877757
0.69282126
0.8347241
0.8378757
0.66277325
0.5486791
0.7542574
0.7978358
0.8283884
0.5969922
0.58821565
0.56295574
0.45704982
0.18226969
0.18900126
0.18277249
0.29265788
0.15874478
0.21414794
0.28577164
0.2803799
0.16460533
0.6511401
0.5339249
0.3802537
0.3705933
0.6741714
0.5876369
0.40854332
0.61492044
0.7198441
0.1926131
0.2713938
0.3755521
0.6223727
0.14732848
0.14032724
0.48219058
0.65992635
0.53465647
0.47595316
0.6354796
0.51636904
0.49943042
0.2934321
0.25799417
0.49064094
0.2803662
0.21346457
0.28769118
0.2843781
0.20359313
0.15428007
0.23944749
0.20746998
0.27978
0.24279255
0.74488014
0.91668695
0.6246986
0.8351858
0.9226468
0.8669863
0.71890193
0.24172105
0.88535273
0.76866984
0.16348217
0.2266276
0.89568883
0.22768714
0.15440565
0.6038766
0.91215473
0.29579672
0.38661662
0.9113769
0.6928635
0.38183585
0.667896
0.91927606
0.69204485
0.6027724
0.8833316
0.9391213
0.8942415
0.57215935
0.6252657
0.9224616
0.84026927
0.6002143
0.7450358
0.88597685
0.81823784
0.6921681
0.73796415
0.6803245
0.6172023
0.43944585
0.58478534
0.6590816
0.44722116
0.51170313
0.597236
0.5082853
0.48592776
0.6618311
0.58708334
