0.14038923
0.20460522
0.28693825
0.26076874
0.28714877
0.2896326
0.40640303
0.44012305
0.4035794
0.35687664
0.5142997
0.46608496
0.33534652
0.48020318
0.715069
0.3802169
0.3937316
0.42707008
0.42884484
0.3479068
0.4161428
0.41690323
0.71688944
0.5230337
0.5512404
0.44650584
0.6343477
0.6045589
0.28387076
0.6500373
0.83030885
0.8431022
0.5085176
0.76198673
0.91406024
0.67890555
0.83132136
0.8595669
0.71535623
0.4020873
0.6737134
0.7154208
0.7754321
0.35665256
0.5417852
0.4894335
0.57600313
0.24467392
0.2606876
0.30267057
0.290289
0.09053587
0.14893655
0.14850445
0.19313902
0.10169093
0.28500763
0.2920033
0.27481684
0.16938709
0.27814665
0.34983295
0.1441524
0.14586487
0.5505573
0.16164364
0.13037495
0.23905581
0.51446277
0.12674034
0.16386896
0.32759124
0.688743
0.45727244
0.5791026
0.6656043
0.6891558
0.4625964
0.23746063
0.24607944
0.3944849
0.21679208
0.15181951
0.23400187
0.25139266
0.2987731
0.2413457
0.3211056
0.22287272
0.45470694
0.3644976
0.61205155
0.9013085
0.60859156
0.8623512
0.91023654
0.84548455
0.82055616
0.40918446
0.834054
0.56483763
0.2802854
0.35905847
0.79457235
0.4508285
0.2924315
0.5547608
0.82680565
0.49305412
0.15260221
0.5911065
0.5616656
0.26592577
0.36733335
0.6520264
0.41198793
0.2770473
0.38164094
0.35431582
0.5209213
0.2632734
0.24727419
0.36561078
0.28028154
0.23563962
0.36149225
0.26251978
0.22491647
0.24796991
0.25636566
0.28060353
0.27076894
0.39012703
0.48145333
0.3146544
0.4147446
0.4719922
0.35957196
0.23968281
0.24445724
0.2237236
0.2096326
0.2359271
0.21652792
0.20470105
0.21869704
0.22583319
0.20648979
0.21501389
0.2364357
0.27386445
0.23989017
0.24675669
0.27633452
0.2312355
0.17989527
0.21317811
0.17805846
0.19668624
0.1839109
0.19001435
0.17584728
0.19739614
0.27234572
0.21659924
0.20315278
0.20946838
0.2312557
0.20895094
0.19035214
0.2170271
0.19508402
0.21042646
0.21086733
0.23896275
0.20133024
0.32256988
0.2811564
0.3914882
0.31870443
0.37345243
0.4143406
0.5081013
0.2751816
0.31708255
0.4821927
0.29565692
0.3089923
0.2744876
0.3599079
0.28486362
0.27702057
0.26764423
0.22119616
0.19138028
0.16361797
0.1558537
0.13522229
0.12732589
0.0891932
