0.17865917
0.33626667
0.2795965
0.18827444
0.17117848
0.16003299
0.15853617
0.15815137
0.13176966
0.17079322
0.1928168
0.21457691
0.18881518
0.22700575
0.49285725
0.21021235
0.2764536
0.31614026
0.35070032
0.32020718
0.45705757
0.27727556
0.25264478
0.5161104
0.50231624
0.16061239
0.32269248
0.61177653
0.34624845
0.50260353
0.7811777
0.89305276
0.61775726
0.66326374
0.6873283
0.7032252
0.82777774
0.83419865
0.6633315
0.5025581
0.69612503
0.73741114
0.80545247
0.58435
0.52704686
0.4785555
0.49743792
0.25784832
0.31277192
0.2549382
0.27565345
0.16239731
0.19224694
0.16477199
0.2644543
0.1924394
0.29032117
0.1805701
0.29930285
0.17811912
0.27256614
0.2275772
0.1787816
0.17837194
0.19879803
0.14717339
0.33508977
0.24623014
0.26362646
0.20270862
0.5549362
0.39878187
0.7393142
0.6922307
0.6118485
0.5919876
0.52457136
0.35705575
0.23320946
0.2548539
0.27738944
0.2293688
0.20924045
0.4186157
0.24430497
0.315545
0.22199856
0.55755657
0.27500182
0.6846651
0.4957853
0.8518283
0.91177815
0.66471034
0.862098
0.93600565
0.84533834
0.79243636
0.45244524
0.90730506
0.5869176
0.22761093
0.31236333
0.9064488
0.24352945
0.22967194
0.6089502
0.90624326
0.3038276
0.30067462
0.9047502
0.62698156
0.40943834
0.59118193
0.8912298
0.7064761
0.7016922
0.87895274
0.9312727
0.90384275
0.63591945
0.6527321
0.9312003
0.8697413
0.58080584
0.70564777
0.90034556
0.8373597
0.60732627
0.7148225
0.7371476
0.5853112
0.41247955
0.60194325
0.67282486
0.38796705
0.41739726
0.62163055
0.5325818
0.483484
0.6574701
0.59003806
