0.1444054
0.26680973
0.22414404
0.15871903
0.15635958
0.15802181
0.14688861
0.14586967
0.10847064
0.15105943
0.15227085
0.17807715
0.16695039
0.2407558
0.32697782
0.17190501
0.21847168
0.18381505
0.1732081
0.17158042
0.2270363
0.20410286
0.16069646
0.24833232
0.27478743
0.15875651
0.30846775
0.69182163
0.38086078
0.46145716
0.7773712
0.898494
0.71832
0.75378597
0.85341173
0.7661824
0.83728653
0.838135
0.7233589
0.5537164
0.7839563
0.7831451
0.79984325
0.48527595
0.48872757
0.45739353
0.2503179
0.25931606
0.26412478
0.21818626
0.25854903
0.18247008
0.19552378
0.19626108
0.31603596
0.25350085
0.53888327
0.40286365
0.58401567
0.3440869
0.6689028
0.55347013
0.27408692
0.29896268
0.70158833
0.24526264
0.2345663
0.4034948
0.6797795
0.16157427
0.31043994
0.41422054
0.6851488
0.3741749
0.6268515
0.6667497
0.62160754
0.5403252
0.32187912
0.2274447
0.28080773
0.2744943
0.22985193
0.13394152
0.23418689
0.36019862
0.19223127
0.23802191
0.2781178
0.73683804
0.5316967
0.7136958
0.9145648
0.7082004
0.84444094
0.9301957
0.8932833
0.75645864
0.32756773
0.8925941
0.722046
0.1394473
0.19818228
0.89045954
0.1347738
0.11579672
0.5703373
0.8898669
0.13901307
0.19935401
0.91028494
0.5934212
0.4011342
0.6786034
0.9277784
0.724844
0.68516135
0.8924184
0.9419901
0.894292
0.6324614
0.6173921
0.9324512
0.8770741
0.6144846
0.64728194
0.8904745
0.83557296
0.6598962
0.69229525
0.7468538
0.68173134
0.472724
0.60992193
0.68594396
0.46771297
0.5188374
0.6216048
0.54682165
0.50290877
0.6664329
0.5725933
