0.0034134826
0.0045542456
0.004004595
0.0035868015
0.0041703414
0.00659658
0.006410734
0.0075285668
0.007850242
0.008857192
0.012824304
0.010415193
0.010622025
0.010973128
0.010873375
0.0133219445
0.015100318
0.013330521
0.013143667
0.01327721
0.01405668
0.012986598
0.017742107
0.014775915
0.014520853
0.01638305
0.01768737
0.024694588
0.017315457
0.013786363
0.009974398
0.015093172
0.020706402
0.017746346
0.0135244485
0.010170627
0.0139988735
0.01977267
0.018989092
0.018392257
0.020065542
0.028339025
0.029026827
0.022928203
0.023958143
0.02853692
0.025061753
0.019471908
0.027343431
0.044302326
0.0312686
0.028333116
0.02726002
0.025494086
0.023000406
0.02649058
0.045140143
0.03232637
0.022826873
0.031233937
0.034190565
0.032643475
0.035008937
0.028260728
0.031717088
0.037169468
0.034359876
0.03769971
0.086091466
0.073924094
0.04359368
0.059827402
0.041143034
0.053856693
0.073909566
0.110691674
0.11700747
0.15379374
0.14448915
0.14776145
0.12237774
0.16725563
0.1667267
0.16239104
0.21071166
0.34222758
0.29792184
0.38236594
0.48275402
0.35212585
0.19594303
0.229987
0.16568166
0.16818522
0.13503484
0.12293318
0.13825104
0.12772636
0.17874257
0.16796464
0.2241175
0.36741138
0.18040666
0.1877432
0.44178313
0.42663914
0.2346024
0.20053469
0.39995643
0.26778665
0.26065505
0.17522268
0.19290411
0.37217963
0.52679473
0.20815054
0.2218461
0.64370334
0.18937883
0.108188264
0.6562295
0.89609456
0.45433426
0.54753935
0.78395903
0.6747066
0.768719
0.7829749
0.6635803
0.4210655
0.62685215
0.7582197
0.81517845
0.6004861
0.56478035
0.5110662
0.5410755
0.23989852
0.23016322
0.16907397
0.18657735
0.10700633
0.13693461
0.108338244
0.1769532
0.098482594
0.16796239
0.1172621
0.20727168
0.100667216
0.13687938
0.17027949
0.16783363
0.11410633
0.1810427
0.1088374
0.22077014
0.12821169
0.24363114
0.21839842
0.22415303
0.37440506
0.66688627
0.44092792
0.42475626
0.37332347
0.3268163
0.34115353
0.31470937
0.25129172
0.6217261
0.29517144
0.20162624
0.28761166
0.29364866
0.17165238
0.09578796
0.29683197
0.21875413
0.2585681
0.22839156
0.66065097
0.86283094
0.41255262
0.80501115
0.91463184
0.82414097
0.66028035
0.23233944
0.8680858
0.5694632
0.110954046
0.1758362
0.8566315
0.13493517
0.09980923
0.57052994
0.89508045
0.17386074
0.24417603
0.8803437
0.8236354
0.35164246
0.51165766
0.89982915
0.73173195
0.5880962
0.8393173
0.9218856
0.8975087
0.53392315
0.5571077
0.91656625
0.8537812
0.4702783
0.5082971
0.8676094
0.8227352
0.44811213
0.6458983
0.7053951
0.54407525
0.3417519
0.5866627
0.6695488
0.37675145
0.34207523
0.6192407
0.5446255
0.4971044
0.6885891
0.59389883
