0.17499515
0.32755178
0.26628676
0.18371858
0.1705596
0.16209984
0.15634201
0.16031963
0.12312402
0.17078324
0.17534538
0.2143635
0.19196263
0.22653975
0.47656068
0.19902477
0.23884821
0.24138446
0.22970581
0.24715889
0.28272784
0.21317984
0.217759
0.47803494
0.36329418
0.15169308
0.39498177
0.72035265
0.33729702
0.55886835
0.83977294
0.8916842
0.7140236
0.7890029
0.9132377
0.7590563
0.83852977
0.8848079
0.73767483
0.5457277
0.7577912
0.7996858
0.8257954
0.58857787
0.55472565
0.5167476
0.50860703
0.2550279
0.30921507
0.24657674
0.2747025
0.15906803
0.19227806
0.16399015
0.26298052
0.18788752
0.28616947
0.18186083
0.30277172
0.18141395
0.2764783
0.23289822
0.18928562
0.18428193
0.2046582
0.14969823
0.34200022
0.24789783
0.26724485
0.2066319
0.5553313
0.39520004
0.7433429
0.6952022
0.6162571
0.60076535
0.5483637
0.36275175
0.2509528
0.27251947
0.2883962
0.25521502
0.24366143
0.5283559
0.3018177
0.43434358
0.2862825
0.6781596
0.29411703
0.7479289
0.40097484
0.7744393
0.9066987
0.59589905
0.83156943
0.93191564
0.86760694
0.76705956
0.32712966
0.8944353
0.7878766
0.19757955
0.21372816
0.9008505
0.1774972
0.16336869
0.52742195
0.8974022
0.21196006
0.270906
0.90123993
0.6144164
0.40791607
0.65612626
0.9131378
0.72138387
0.7215915
0.8853796
0.9358304
0.8973996
0.63263196
0.67048234
0.93172324
0.8670842
0.5869786
0.7110569
0.897709
0.8364867
0.6133706
0.71657705
0.73847693
0.58591104
0.42774603
0.5995658
0.67111075
0.39020157
0.4153707
0.61950415
0.52994394
0.48073304
0.6537392
0.5870534
