0.17159933
0.3211904
0.26388094
0.18016423
0.18828662
0.15177017
0.14232871
0.14432847
0.11647291
0.1482727
0.16852461
0.19792652
0.16736816
0.20326905
0.44742528
0.19636607
0.26452613
0.28935215
0.31784385
0.284084
0.4343367
0.2650158
0.22521137
0.46113133
0.52334607
0.13690609
0.26909015
0.60732234
0.3139474
0.41516638
0.7747349
0.89346045
0.63615113
0.7319786
0.84429383
0.6871542
0.8310974
0.8342893
0.6981081
0.5087186
0.7063838
0.77129936
0.82249933
0.58603567
0.5419063
0.5152321
0.518075
0.2587329
0.33068952
0.26012835
0.27093476
0.13856865
0.16796395
0.13550495
0.19041838
0.12079788
0.23672757
0.1602368
0.21343316
0.13092159
0.2217435
0.2390527
0.15691559
0.18261778
0.24111906
0.14822395
0.36016324
0.18905933
0.2605445
0.19479673
0.28370628
0.38657236
0.7078081
0.62763953
0.5969304
0.52992827
0.55732054
0.38047335
0.22723074
0.21193501
0.29886058
0.22175053
0.15815923
0.20205015
0.24042612
0.33754268
0.214019
0.56077355
0.3394987
0.7805814
0.6457301
0.8007986
0.9089521
0.62911576
0.8268667
0.9247595
0.8581422
0.7407148
0.29618067
0.87763417
0.762534
0.18273264
0.19571465
0.8831575
0.16936964
0.15121983
0.5179823
0.89921945
0.21306644
0.26355433
0.89810616
0.6093988
0.38152355
0.6370222
0.9105285
0.7041961
0.6208486
0.8784334
0.9367444
0.90040135
0.6033792
0.65904987
0.93443924
0.8725734
0.565146
0.6803471
0.8986331
0.84018165
0.54772645
0.71918976
0.7498799
0.5926222
0.38504496
0.598764
0.6689845
0.37942985
0.38935113
0.6188824
0.53341943
0.48211798
0.66395724
0.59261817
