0.14686944
0.30765465
0.30812365
0.21497203
0.22540551
0.20992538
0.20461242
0.18049607
0.12054521
0.17275211
0.19211194
0.21789823
0.21533196
0.23524442
0.6316977
0.32434887
0.45464507
0.39908946
0.3952257
0.41573444
0.38796604
0.25904486
0.24396801
0.40965182
0.45608178
0.08900238
0.2654301
0.58772904
0.20832998
0.1744146
0.6784701
0.8774546
0.5519855
0.7392411
0.83126014
0.7079203
0.8043366
0.81285924
0.6827485
0.52674544
0.6736028
0.744389
0.8467326
0.687855
0.60062236
0.5403034
0.6400172
0.32825541
0.24547948
0.26136866
0.31637025
0.12752242
0.17291515
0.1625959
0.27182668
0.113328375
0.2294169
0.15164891
0.22364585
0.14150369
0.17631431
0.25877652
0.2387413
0.183838
0.17324576
0.12633948
0.2892861
0.1767995
0.2842199
0.19974016
0.24520293
0.36417982
0.64704525
0.58946514
0.59791124
0.53708893
0.40719244
0.40359756
0.27296215
0.23673889
0.4144344
0.27241054
0.28824472
0.29944324
0.2906875
0.37057787
0.18926801
0.28533098
0.25721416
0.4879416
0.321117
0.75160587
0.91381085
0.63372844
0.84270525
0.9260966
0.8658956
0.7423598
0.39450917
0.9034558
0.7413643
0.20148654
0.31944427
0.91785026
0.18199623
0.26143396
0.78780276
0.90651315
0.32855403
0.37628976
0.91277516
0.71742976
0.47246403
0.6604276
0.92774355
0.79891247
0.65219134
0.8878247
0.94428205
0.9187709
0.63982046
0.69528085
0.9257523
0.8618903
0.60048056
0.73441285
0.88074636
0.8148706
0.5388185
0.6538509
0.6321479
0.47057694
0.33267
0.5484195
0.6032873
0.3018539
0.45471293
0.6138565
0.49252704
0.49805957
0.7034755
0.61622834
