0.12015887
0.28238937
0.29269418
0.22785078
0.2390211
0.2685863
0.24461353
0.23050307
0.2277866
0.3138838
0.30356532
0.29800907
0.2476189
0.24047631
0.5489842
0.23920557
0.35005054
0.043244775
0.038124956
0.03507582
0.03507582
0.030149195
0.03522585
0.035815496
0.03524363
0.04680392
0.05467302
0.05467302
0.0579439
0.07881547
0.077275775
0.07726877
0.077833444
0.07250859
0.09541904
0.16837218
0.18722492
0.18931916
0.25589728
0.22799753
0.12874673
0.08795085
0.056926
0.05186781
0.028925436
0.01694302
0.014949493
0.02305267
0.024972687
0.22192991
0.22813584
0.12987886
0.15807503
0.13616829
0.17824785
0.1220183
0.253718
0.2224988
0.26167148
0.18444426
0.32198197
0.2666201
0.17549962
0.2250769
0.5543086
0.16688387
0.14326476
0.3009061
0.63173956
0.16199166
0.24620283
0.47334978
0.719567
0.4987557
0.73308593
0.7350433
0.63368154
0.4427135
0.2915408
0.25447732
0.40525153
0.25490737
0.18146873
0.17722946
0.27518415
0.26294157
0.16715442
0.36053577
0.29004088
0.34840152
0.47206032
0.82892776
0.92222244
0.7102464
0.8736829
0.9202058
0.85378087
0.7631995
0.3026435
0.882256
0.63804996
0.16740647
0.2336166
0.852223
0.15981245
0.069157995
0.35661277
0.14623252
0.083221935
0.09833367
0.89858794
0.6446473
0.34890115
0.66197324
0.906508
0.74867254
0.62692994
0.8892649
0.9427557
0.8836177
0.6049409
0.74238443
0.9292645
0.8290796
0.6280725
0.778171
0.8768278
0.8031241
0.66233844
0.6622999
0.6718045
0.6015387
0.46740577
0.607246
0.6722966
0.4475643
0.5072939
0.6266739
0.51638675
0.4918568
0.6333945
0.58620745
