0.18835849
0.34236553
0.26151574
0.19202842
0.17206946
0.17799488
0.16272968
0.1679591
0.12506354
0.17726028
0.2059365
0.24734895
0.18962048
0.22018528
0.668519
0.21845022
0.24819519
0.26070404
0.2250455
0.21322791
0.28349438
0.20850334
0.16960709
0.30889416
0.4887904
0.10590683
0.2599042
0.63123745
0.26505536
0.18452364
0.7236783
0.89776033
0.6656913
0.7737756
0.8342378
0.74922514
0.83461255
0.8334778
0.7006726
0.5597998
0.73375857
0.7902892
0.851545
0.69336885
0.6323373
0.58780694
0.6329183
0.36621913
0.36704692
0.30209285
0.33016157
0.20049185
0.20248212
0.16236107
0.26656616
0.18973163
0.23282403
0.16837163
0.25130484
0.15165094
0.22698991
0.24355344
0.25596786
0.29651457
0.3240479
0.15676995
0.37090656
0.5435096
0.34045494
0.1391942
0.37783304
0.6632117
0.49552974
0.3768999
0.9064002
0.8776206
0.5147332
0.8799312
0.93460315
0.56965834
0.5598963
0.9307047
0.52418566
0.32261476
0.6187398
0.9322078
0.22132008
0.19388178
0.9037629
0.73789245
0.4389317
0.49874634
0.935704
0.86348623
0.62997526
0.66159326
0.94505376
0.9428365
0.6627202
0.6568209
0.94353116
0.91843444
0.57985216
0.6225995
0.9079156
0.86225474
0.5373199
0.63413364
0.77247065
0.65629953
0.3254813
0.6207929
0.7079821
0.39120433
0.39267576
0.62719023
0.52816147
0.49977148
0.725377
0.63254595
