0.12916824
0.2779052
0.25234666
0.18821958
0.17793836
0.2212557
0.1523707
0.14995971
0.1336683
0.15943629
0.12787502
0.17251159
0.2082991
0.17969966
0.16924714
0.17750163
0.28527126
0.26072112
0.27083942
0.29734585
0.393465
0.22339582
0.21749698
0.46118432
0.47614023
0.11512859
0.27145612
0.711668
0.28598103
0.25469318
0.7153687
0.88137305
0.53563917
0.7425074
0.8402076
0.5998281
0.79327244
0.85393965
0.71627814
0.53255844
0.7021368
0.7813589
0.82076466
0.5542142
0.55062157
0.53603363
0.4288792
0.2539832
0.32608312
0.25662595
0.24248359
0.14039981
0.1757651
0.14454147
0.23078004
0.15997098
0.23850743
0.16798425
0.27515236
0.13136883
0.169464
0.16805997
0.17333809
0.11314872
0.10712424
0.1156625
0.19397886
0.12086272
0.18504226
0.17201145
0.17936656
0.2693129
0.58894706
0.4444418
0.5526571
0.3926277
0.38614708
0.31296632
0.28507203
0.2644376
0.48948273
0.28223348
0.22559428
0.33347368
0.35433012
0.3346064
0.2546494
0.46715537
0.2931101
0.37518752
0.39021048
0.84240294
0.9160009
0.6706438
0.86350775
0.93089885
0.8846422
0.82783735
0.350734
0.9133096
0.7870781
0.21009211
0.22626796
0.90522766
0.25141916
0.14798202
0.57004124
0.9096745
0.22362721
0.1686849
0.9050997
0.8315408
0.33509505
0.5715665
0.9033695
0.74185187
0.5760286
0.87343204
0.94208604
0.9353137
0.62351674
0.6091281
0.92716193
0.8940935
0.55719924
0.6008162
0.8836195
0.8392851
0.42506102
0.6450988
0.6886899
0.50435024
0.28247446
0.5259978
0.6076759
0.33039597
0.41860384
0.5906243
0.49287683
0.49539822
0.7286287
0.6129139
