0.13232069
0.30981785
0.3447859
0.20983678
0.21713176
0.25360113
0.23505403
0.20215167
0.16696607
0.2320303
0.22091524
0.22206832
0.23466696
0.22436805
0.42773506
0.21496746
0.34126106
0.28143728
0.2761753
0.25801033
0.33953112
0.24867171
0.19324
0.29008827
0.45694864
0.11210581
0.2769649
0.5652403
0.28811648
0.23631065
0.7025714
0.8891411
0.61620384
0.7430445
0.8170618
0.71968967
0.81626076
0.83270794
0.68324435
0.52846724
0.6761819
0.7508825
0.8345128
0.653412
0.59687614
0.54278874
0.5908895
0.30642596
0.27798715
0.23506506
0.23237126
0.13343589
0.16897778
0.14829536
0.19348554
0.13563366
0.23997682
0.19129184
0.230419
0.158309
0.2784758
0.31194893
0.29044324
0.24281968
0.24343002
0.17413478
0.26275107
0.22038788
0.24749522
0.19724227
0.24458733
0.30755585
0.54084337
0.50384927
0.4792257
0.39854416
0.2664651
0.3608449
0.22259693
0.22399512
0.3114098
0.26794577
0.25318146
0.23930773
0.33107835
0.44724315
0.25263426
0.49537125
0.47578946
0.5821288
0.46990728
0.84038705
0.9259604
0.70927876
0.85424083
0.92814016
0.8722102
0.8049573
0.36429995
0.9027305
0.8304404
0.21748142
0.2552154
0.9092451
0.22131956
0.24486412
0.71241176
0.91802394
0.3026246
0.32401964
0.917344
0.54608834
0.36167815
0.6281421
0.91777873
0.7620898
0.6180211
0.88826954
0.9371631
0.905525
0.6398982
0.69136477
0.9301981
0.8630479
0.5856847
0.722818
0.88103056
0.805793
0.5731605
0.6616305
0.62722653
0.4654878
0.31935567
0.5516068
0.5890683
0.30607003
0.46297586
0.6154882
0.49506512
0.49870268
0.69853336
0.60995287
