0.1656622
0.3585493
0.3726996
0.26236007
0.24303104
0.25869614
0.26297903
0.2253523
0.17235743
0.2591163
0.2353594
0.26755363
0.25559047
0.31910613
0.62901384
0.25623786
0.40573338
0.42336357
0.42546132
0.3831554
0.40565497
0.29047146
0.27428535
0.3354995
0.36258692
0.14241794
0.27551356
0.5603059
0.22564006
0.3067721
0.6534538
0.8547225
0.5285087
0.67554885
0.6831559
0.6866743
0.8285315
0.79830384
0.7458737
0.6182586
0.765923
0.78440636
0.86509746
0.7332443
0.5889939
0.6916318
0.6629716
0.33861423
0.40248707
0.4276358
0.47297174
0.09539741
0.16677043
0.15110585
0.2152471
0.07547245
0.19339994
0.15351133
0.20396379
0.14337914
0.25473377
0.22939244
0.22881693
0.25882366
0.5374123
0.18923366
0.27147365
0.38616613
0.57561225
0.21394895
0.24456424
0.4358943
0.70541644
0.540035
0.62657917
0.60713434
0.52123106
0.4264139
0.32427472
0.2871922
0.6038423
0.36276054
0.3150424
0.54541004
0.41345954
0.36933506
0.24527138
0.63548744
0.32796776
0.3758843
0.5703786
0.89219755
0.92057204
0.6632651
0.8815211
0.94242924
0.85351956
0.7811438
0.4517944
0.90107524
0.4355191
0.17196731
0.28928724
0.9206877
0.25466082
0.25584513
0.70999503
0.9105834
0.28186467
0.29084828
0.9300052
0.6724651
0.3889483
0.6874373
0.9212472
0.7838699
0.620362
0.88765913
0.932704
0.88057405
0.6207696
0.6842329
0.91765136
0.8667196
0.61659884
0.65861213
0.8719461
0.81577533
0.65465444
0.6241189
0.65955186
0.59390306
0.3983894
0.53376913
0.64046067
0.45959952
0.43515536
0.6362539
0.5608384
0.51882637
0.66802037
0.5784857
