0.3067025
0.48092604
0.6371595
0.69811106
0.7315622
0.74179065
0.6901431
0.6062423
0.71365196
0.7353187
0.76598036
0.4157187
0.48118562
0.50675976
0.34384766
0.26176667
0.32176536
0.2552282
0.29870585
0.23260017
0.23110045
0.19821729
0.3524376
0.24538966
0.28622976
0.17614476
0.2501597
0.210841
0.26505718
0.23127444
0.25865525
0.2096386
0.3420004
0.21891497
0.4240669
0.22235096
0.25830662
0.24967438
0.3393883
0.33894762
0.6862087
0.7138436
0.6783481
0.53930354
0.6719247
0.5547209
0.35969293
0.30505627
0.6596848
0.45620438
0.43268582
0.36380056
0.35681683
0.46160647
0.2549502
0.5419166
0.38657415
0.85941005
0.60561836
0.82056165
0.93342805
0.69098765
0.8581912
0.93470913
0.9038525
0.781006
0.33489424
0.9124929
0.81446844
0.19375746
0.2340257
0.8983037
0.19877987
0.16462524
0.6498442
0.9171402
0.28317726
0.33928373
0.9217746
0.72021174
0.41526118
0.6815875
0.9182935
0.8033748
0.67757124
0.8968693
0.9379571
0.9041405
0.57233137
0.5661684
0.9173603
0.8674938
0.5671871
0.66613543
0.8881255
0.83897614
0.597135
0.6105106
0.68603814
0.61529326
0.44251686
0.6139531
0.7100347
0.54477954
0.56683904
0.6745698
0.61059666
0.55443746
0.6923687
0.6108381
