0.14705414
0.33946127
0.37026787
0.25230777
0.26353583
0.25144455
0.26380512
0.23332196
0.22729048
0.26903892
0.32326832
0.38595825
0.3485257
0.31641147
0.68403375
0.33379635
0.43293548
0.4108797
0.3663502
0.34016743
0.3756572
0.2606937
0.21535896
0.4160703
0.53014576
0.1037054
0.30468804
0.67855614
0.27146453
0.20381925
0.6990295
0.89004797
0.5668869
0.7271588
0.8173153
0.7056727
0.81544465
0.8259842
0.6696235
0.51059896
0.683272
0.7543621
0.8344192
0.65525687
0.59649646
0.54316944
0.57102436
0.31923485
0.31929836
0.2753742
0.30949262
0.18506922
0.19719969
0.17865777
0.27597633
0.19888711
0.25186312
0.17122197
0.28262633
0.16150904
0.2713664
0.28159696
0.21289147
0.21023732
0.27792403
0.18030807
0.40778255
0.2580351
0.29959348
0.22569492
0.400242
0.37803763
0.61554444
0.46734467
0.40510136
0.40722874
0.3066082
0.3580017
0.28030297
0.2502744
0.43798324
0.21719487
0.16675751
0.26895308
0.26716515
0.19453068
0.13684846
0.41015267
0.2623986
0.29175344
0.35109422
0.83788425
0.9092505
0.689114
0.86175275
0.93234324
0.88835466
0.79891574
0.34584954
0.89897114
0.7900105
0.13617302
0.20957163
0.9065115
0.23240551
0.13730524
0.5208979
0.9193616
0.27666214
0.28830585
0.91348356
0.85446876
0.36386976
0.5783649
0.9187851
0.7502993
0.54862046
0.8736573
0.94197494
0.90801847
0.55398405
0.6342402
0.92437065
0.85624385
0.595585
0.7329347
0.886415
0.8237396
0.70033354
0.7428676
0.6930825
0.63455224
0.45162806
0.5933988
0.66903305
0.4558976
0.5134058
0.59917843
0.51492465
0.4890962
0.6669012
0.5887942
