0.11785639
0.26164398
0.25850078
0.16814013
0.13329472
0.17581162
0.1596499
0.14966278
0.114641495
0.16520485
0.19053937
0.20267762
0.20511861
0.2087842
0.4316356
0.2776804
0.37669888
0.30484077
0.3613818
0.3897017
0.44321215
0.27047688
0.26239908
0.38725877
0.42821872
0.13283665
0.23817259
0.4276827
0.25958958
0.2524298
0.6724884
0.87581813
0.54308605
0.6220284
0.7453582
0.6788891
0.8115446
0.7801575
0.62702876
0.5075996
0.6691455
0.7125854
0.81891304
0.64429325
0.51873326
0.4651471
0.48351538
0.27605423
0.2767985
0.25768
0.31117058
0.15728427
0.18127976
0.15077962
0.24839744
0.17685103
0.30507046
0.19589657
0.24683946
0.19850372
0.31891227
0.23447585
0.18506299
0.23896456
0.43755403
0.16041891
0.2621658
0.28018722
0.4447117
0.16304182
0.22707243
0.3554913
0.625432
0.27120548
0.42203555
0.5747281
0.5677067
0.45276055
0.2398127
0.22921814
0.36481526
0.25801042
0.23460019
0.24438238
0.32272512
0.3319667
0.17240468
0.29832563
0.32388875
0.37550017
0.3020309
0.81697667
0.92011124
0.6946732
0.8430428
0.91596466
0.8616108
0.72588515
0.25037238
0.88074154
0.7211051
0.1591318
0.21463844
0.8749532
0.22497411
0.16452095
0.6154685
0.90756756
0.26797384
0.35101137
0.9057159
0.6705069
0.34801114
0.6524089
0.91401196
0.7361485
0.64916295
0.8857458
0.9428583
0.89970833
0.6192139
0.62468123
0.92549074
0.8606029
0.5474166
0.69375914
0.8845751
0.80930126
0.47770968
0.6516519
0.6913974
0.48742133
0.34037948
0.6026437
0.6682735
0.38843012
0.55293816
0.6463765
0.51273614
0.5033683
0.68431556
0.601574
