0.16845083
0.29380792
0.2148987
0.18783396
0.20552419
0.23693393
0.17905843
0.23982745
0.16220292
0.21389872
0.18455106
0.23787905
0.17678985
0.17574039
0.24979387
0.16224791
0.2030996
0.21857537
0.22232851
0.24234305
0.45078927
0.30258673
0.38562632
0.4039487
0.24455017
0.346905
0.65194404
0.33620435
0.50477535
0.5685388
0.84461296
0.48923093
0.7054204
0.6946702
0.66234297
0.82012504
0.8259476
0.6837863
0.55514044
0.72968996
0.7814863
0.82940197
0.6105422
0.5989807
0.6352159
0.47099417
0.25087622
0.2794827
0.21456918
0.22262642
0.14771737
0.16938266
0.15709656
0.19422336
0.18130133
0.2379089
0.1623718
0.24781696
0.19774874
0.308944
0.21519148
0.20565769
0.4678364
0.27938402
0.14906803
0.28788596
0.37242964
0.38199872
0.21650437
0.51712835
0.47494802
0.7291603
0.63601416
0.5268919
0.53037626
0.6168493
0.48289397
0.22932476
0.2528885
0.48230743
0.2708144
0.24970207
0.37326998
0.30211985
0.24872527
0.1627473
0.25372562
0.1755486
0.18110278
0.18571682
0.72276646
0.9088276
0.5459743
0.81821835
0.91923577
0.8147719
0.69767797
0.2215735
0.894618
0.7225029
0.146682
0.1987013
0.865865
0.2147857
0.1289506
0.5153249
0.90082604
0.24615954
0.2886558
0.88880414
0.7553164
0.3888438
0.59284455
0.89591616
0.70965976
0.5706531
0.86838233
0.9286926
0.89426106
0.5647628
0.6231908
0.92552686
0.8514368
0.581464
0.7265481
0.88954765
0.8186329
0.68657714
0.72300464
0.678317
0.63266444
0.45959708
0.5920964
0.6665961
0.45530355
0.5183805
0.59973025
0.51055443
0.48585942
0.6622992
0.58840173
