0.17474383
0.36165687
0.29961792
0.19709864
0.1817619
0.2048389
0.14889835
0.14583509
0.0961383
0.14457251
0.14722426
0.17828365
0.15101069
0.17470853
0.4824283
0.15827516
0.20124036
0.2201909
0.16751876
0.17398246
0.2654626
0.17000237
0.17560585
0.39406642
0.30453518
0.10379443
0.21946089
0.5346358
0.23045915
0.21666084
0.6814808
0.8703134
0.5159129
0.69219977
0.7006404
0.6709573
0.8136279
0.82408255
0.64061886
0.52362037
0.74716324
0.7860153
0.8252407
0.6352972
0.59954596
0.5346478
0.5061272
0.28886154
0.36230686
0.29518983
0.26598436
0.113655314
0.17600586
0.15053654
0.20009297
0.10360422
0.3157915
0.18626775
0.19875406
0.12653428
0.2536447
0.23939455
0.1470828
0.15446961
0.35090345
0.14225706
0.2074259
0.20278071
0.32079974
0.2048047
0.24680036
0.48818514
0.64553165
0.5853694
0.6671539
0.5897552
0.62126565
0.42539892
0.4779942
0.31584296
0.56852156
0.3833108
0.3697112
0.33425835
0.3517563
0.35041118
0.17743906
0.42206585
0.35245413
0.4986192
0.31809065
0.7768815
0.9168597
0.54731375
0.83338636
0.93173873
0.8820199
0.7899641
0.3007449
0.9087418
0.8082105
0.18560998
0.2028923
0.89423335
0.20816055
0.16434066
0.60227567
0.914531
0.25373742
0.2831688
0.8484179
0.82240635
0.4440503
0.6947567
0.8936796
0.7864126
0.69165766
0.877212
0.81968206
0.93829226
0.6580815
0.6077063
0.926482
0.90925074
0.57608837
0.57528716
0.8886172
0.8772321
0.5689524
0.6526449
0.73015064
0.5822422
0.29000232
0.51993835
0.6181736
0.29291645
0.32617292
0.5753347
0.5127685
0.47111702
0.6926454
0.6035446
