0.1719297
0.31805885
0.45500654
0.40441746
0.3928236
0.41578147
0.5185252
0.52921003
0.32392842
0.38148654
0.52178687
0.39518648
0.32239503
0.45393634
0.7058461
0.33102176
0.42546743
0.49894747
0.5007912
0.43755096
0.48643592
0.5076237
0.72633576
0.5711192
0.8017796
0.6523525
0.7529819
0.7983682
0.7234435
0.7218313
0.8060022
0.9002992
0.70114255
0.8000576
0.86037886
0.7296844
0.84675187
0.8735429
0.741527
0.5096141
0.70644426
0.74081916
0.764065
0.43758073
0.5926306
0.5313878
0.4774032
0.26959378
0.3768575
0.23328306
0.22324677
0.14565663
0.18677865
0.14534053
0.20405707
0.16745393
0.26950842
0.18553725
0.26184183
0.17282163
0.277573
0.27691627
0.3423603
0.26278728
0.41067666
0.29005495
0.59061736
0.31072575
0.35869834
0.25996038
0.34161606
0.43268645
0.7186304
0.5906804
0.67439055
0.5432214
0.49474669
0.5624557
0.46831155
0.3275922
0.6142751
0.35917383
0.2892292
0.2939981
0.34784135
0.32760245
0.197172
0.358714
0.38967746
0.4513776
0.41119716
0.8449788
0.9310704
0.73461545
0.8695301
0.9397077
0.9071841
0.8297484
0.39082286
0.91930765
0.8941979
0.23924956
0.30358782
0.91722965
0.36670226
0.21491791
0.6927784
0.9303297
0.37653917
0.31495202
0.91153216
0.7163575
0.35694468
0.53347117
0.8534137
0.71387285
0.63098705
0.89017963
0.93885094
0.90441144
0.5911245
0.6056015
0.9360824
0.830987
0.5605462
0.7242447
0.9187108
0.845693
0.6495937
0.7745402
0.7521465
0.6496303
0.5696753
0.7019498
0.7116002
0.5254867
0.64175165
0.6690883
0.5869732
0.5326881
0.7108426
0.6174467
