0.14647621
0.33113685
0.36442763
0.2426865
0.24478975
0.22921664
0.2349898
0.20226128
0.16157703
0.21421154
0.26980698
0.25594077
0.23933135
0.25583977
0.64188933
0.27442926
0.41712448
0.4032591
0.3992821
0.36809465
0.39044884
0.27711394
0.25231937
0.46475354
0.5769362
0.10845217
0.30143982
0.65620065
0.2636329
0.19808733
0.7248987
0.89182484
0.5856596
0.75342643
0.8647362
0.71518046
0.8187327
0.8450824
0.70536995
0.51919067
0.69435143
0.7671001
0.8359383
0.65738755
0.6146592
0.56946826
0.5946282
0.34417197
0.36901134
0.27821013
0.29318535
0.17409575
0.1870873
0.14190698
0.1890972
0.15148018
0.22544555
0.13728526
0.22072765
0.18520464
0.30534413
0.29432207
0.20569606
0.23358153
0.4673061
0.22983848
0.48159978
0.28204095
0.42311326
0.24240956
0.27834868
0.38444537
0.64241034
0.4770662
0.30328944
0.44794658
0.45693448
0.30698702
0.24443562
0.22960116
0.3428801
0.20339093
0.15407771
0.2423952
0.2186246
0.18695968
0.12872592
0.30032998
0.24826518
0.30500343
0.35691053
0.835776
0.9104543
0.71221167
0.8635158
0.9319256
0.8927519
0.8129317
0.35345933
0.90153015
0.79926944
0.12785797
0.2067734
0.9004754
0.22947909
0.12613723
0.48945215
0.909874
0.2390905
0.23660162
0.9105115
0.85130084
0.37422875
0.6330228
0.9220276
0.7411639
0.62476313
0.87682956
0.9442401
0.8966631
0.56905836
0.6593014
0.92418486
0.84949934
0.59922326
0.7673795
0.8844393
0.8276465
0.7255101
0.75417143
0.68073726
0.6139066
0.49177977
0.5882996
0.66274476
0.46052772
0.5168647
0.599164
0.5145736
0.48621854
0.656982
0.585801
