0.15471569
0.4017655
0.29111806
0.21573077
0.19381984
0.18863043
0.16583739
0.18766136
0.15817975
0.17095038
0.16765073
0.20927943
0.18464272
0.18837595
0.554093
0.22356811
0.21267621
0.24480821
0.23442163
0.3029644
0.40876156
0.23159218
0.22036107
0.47527966
0.63612914
0.1659281
0.33000025
0.7435727
0.38535628
0.3235311
0.75249374
0.9038011
0.71465504
0.7334045
0.6767176
0.66345423
0.8244812
0.8168032
0.647664
0.55490667
0.69330376
0.7191391
0.82118046
0.6951289
0.5618795
0.54261047
0.6266645
0.34078178
0.31317118
0.26739672
0.2749217
0.12449388
0.16646548
0.16778627
0.27463573
0.14481524
0.27767617
0.25608173
0.3132097
0.21256648
0.392558
0.6709616
0.459534
0.29612768
0.4493079
0.28235734
0.32570782
0.22473402
0.4047468
0.23988877
0.36007497
0.43188635
0.7503175
0.62708914
0.55053747
0.6351284
0.69727427
0.50015986
0.41220292
0.3361803
0.50457096
0.27377117
0.24506427
0.3042197
0.30679834
0.2375246
0.16470553
0.42628187
0.27457225
0.49389866
0.5110862
0.8753473
0.92215014
0.75458735
0.8912912
0.93776804
0.8677405
0.82132775
0.4444142
0.8895868
0.50661904
0.19637814
0.25352702
0.8948116
0.22276959
0.1991896
0.6034302
0.90990806
0.31770283
0.39128226
0.9245212
0.738897
0.4327734
0.7045285
0.9276421
0.76622486
0.69094247
0.89243966
0.9465631
0.9149736
0.6262159
0.6382243
0.92749554
0.8847018
0.5940592
0.70622015
0.89719594
0.85398054
0.55068004
0.69095653
0.72851115
0.6434739
0.37564802
0.5952799
0.6746854
0.40434876
0.37100255
0.6194236
0.566988
0.5047175
0.6811425
0.6253585
