0.14770137
0.38856882
0.27666205
0.20622641
0.18542972
0.18004009
0.15940885
0.17956272
0.14897552
0.15937808
0.15527435
0.1961043
0.16997999
0.17385861
0.5315986
0.21206193
0.20100054
0.2376139
0.2242167
0.29410216
0.40253526
0.22232336
0.21252617
0.4672127
0.63055384
0.15511286
0.31858855
0.7397624
0.37777975
0.31677338
0.7549672
0.90477747
0.7249241
0.73205566
0.68673605
0.66237754
0.8269539
0.7949547
0.6314654
0.54410976
0.6906246
0.7083932
0.81816065
0.7148006
0.57990825
0.5393097
0.61493325
0.36126703
0.35826406
0.2844461
0.29721284
0.14481993
0.18686758
0.18975568
0.23748843
0.16631997
0.2895417
0.24758153
0.29483888
0.21106952
0.39407733
0.6839865
0.4671971
0.30058625
0.47792432
0.2929654
0.33541748
0.2241723
0.41203037
0.24621312
0.37316453
0.42546335
0.75133777
0.6791203
0.57924205
0.60830563
0.66859573
0.48870945
0.3841901
0.30695882
0.48291314
0.27807537
0.2425029
0.23471203
0.30432954
0.28759867
0.19234931
0.4718273
0.34423435
0.5954737
0.65632755
0.8484858
0.9226747
0.72780013
0.88759923
0.9319522
0.87910336
0.807675
0.49926117
0.9213393
0.66313267
0.2610165
0.3528386
0.91389966
0.3789901
0.30104396
0.74511456
0.91412413
0.37455904
0.48589557
0.912788
0.6459488
0.41933784
0.67876965
0.9116317
0.7071649
0.6843605
0.88617754
0.94455075
0.9117276
0.64646745
0.6567685
0.9350125
0.8816627
0.61038166
0.7461475
0.91272134
0.8610197
0.62793577
0.71508455
0.7659211
0.65827185
0.42665824
0.6346277
0.69582003
0.44976634
0.49519166
0.65029156
0.5745017
0.50592047
0.6626469
0.6028346
