0.13953483
0.3355045
0.31262478
0.23044854
0.21485595
0.23878238
0.2026666
0.18737449
0.14077607
0.18995196
0.21313499
0.19215658
0.17657351
0.19310908
0.43487522
0.17364983
0.23641245
0.2339107
0.19897968
0.22313973
0.31585735
0.20320666
0.17181285
0.3678857
0.48050687
0.10513765
0.2947169
0.6782328
0.28673834
0.24128406
0.73236024
0.88858306
0.5788087
0.7309336
0.81912327
0.6997761
0.8046854
0.8184458
0.65727514
0.5058228
0.6724198
0.7399733
0.83279073
0.64845866
0.5988765
0.5499318
0.59755915
0.32694468
0.34096906
0.2841431
0.30429983
0.17497832
0.19331872
0.15794806
0.22974804
0.15124547
0.27650625
0.1448537
0.21414015
0.1418973
0.2539751
0.2512779
0.2114187
0.25346023
0.49944505
0.17956674
0.37038204
0.2804669
0.4031314
0.19889718
0.27875808
0.50777906
0.7370171
0.50371957
0.43401015
0.41935685
0.4735097
0.3269285
0.20585145
0.195251
0.259418
0.20626208
0.15176374
0.19867633
0.23778985
0.3192803
0.20132788
0.4796887
0.38377237
0.774887
0.5930817
0.80267256
0.9174955
0.650519
0.8204346
0.9255395
0.8729842
0.6970545
0.2639851
0.8970521
0.7471787
0.16313528
0.21518494
0.8879919
0.18402265
0.10424698
0.6001908
0.8884935
0.1478197
0.25066948
0.90004474
0.6534965
0.3831204
0.64172226
0.91472447
0.738683
0.6137037
0.8805733
0.94183743
0.88904357
0.62811404
0.66846055
0.92888355
0.8599696
0.6402064
0.7144896
0.8917165
0.8296826
0.6782883
0.69977903
0.68620366
0.5770404
0.41996953
0.5683435
0.6336104
0.33747607
0.47533056
0.6039075
0.5023456
0.47996026
0.6739256
0.59392506
