0.14503692
0.29773742
0.29220012
0.1996249
0.1883934
0.19044751
0.19033308
0.18048215
0.15460278
0.18602987
0.19053653
0.21930084
0.21273743
0.21749455
0.4170602
0.20247869
0.3307486
0.25596514
0.2869938
0.31697097
0.37447602
0.22985147
0.2079608
0.4189528
0.35630432
0.12352991
0.25828674
0.49724436
0.28537863
0.3435984
0.761166
0.87363905
0.65104145
0.74693173
0.7337078
0.7214475
0.8174917
0.84294057
0.68361944
0.5301855
0.74769497
0.7952308
0.8182578
0.4770643
0.48368415
0.45711926
0.38416013
0.24801862
0.30878004
0.24715471
0.22456142
0.13780016
0.19921225
0.17890795
0.2146191
0.15451048
0.31449142
0.26248243
0.291237
0.15770264
0.24746491
0.1876962
0.15153143
0.124246515
0.13214667
0.111534074
0.15915363
0.15524775
0.26672238
0.22230321
0.41152298
0.30422893
0.7248687
0.6757428
0.4848284
0.4254757
0.6051322
0.374655
0.35356253
0.31006262
0.4749162
0.27348968
0.24967754
0.35682976
0.27372968
0.25955608
0.18252604
0.424788
0.37458274
0.6226776
0.46610156
0.8522022
0.9243185
0.73299664
0.8683745
0.9366102
0.87848496
0.81423604
0.48539254
0.9152053
0.60399175
0.20678726
0.29114673
0.9099491
0.2295744
0.22185782
0.575766
0.90605205
0.29779354
0.28595215
0.9116351
0.7154355
0.42644015
0.6412283
0.9185335
0.85034055
0.70651007
0.87349087
0.9378511
0.8997013
0.58608073
0.645255
0.9286603
0.8630613
0.56323415
0.709827
0.8937258
0.81542957
0.58773214
0.74360657
0.7425567
0.59732324
0.45542076
0.62439597
0.6805208
0.41062063
0.45455667
0.6303027
0.5398131
0.49032137
0.6655278
0.5924752
