0.124102905
0.29277763
0.37025344
0.19712669
0.19741845
0.20507026
0.20506717
0.21743134
0.15242806
0.20708014
0.24282019
0.23523474
0.22016613
0.20523039
0.67166823
0.3417337
0.29000276
0.31997424
0.3178306
0.35469562
0.3208124
0.22010066
0.21148443
0.4658906
0.29969546
0.06478311
0.25001362
0.5676964
0.1768923
0.17796387
0.6975282
0.8877142
0.63893265
0.70281506
0.9017796
0.89157736
0.8440381
0.8524433
0.7618618
0.56624424
0.66751283
0.7817846
0.77581567
0.42917746
0.543969
0.5268725
0.37994087
0.21563192
0.2813679
0.1636131
0.14704265
0.1076709
0.14162186
0.11852506
0.149624
0.10733993
0.16704173
0.11465834
0.18836297
0.10767731
0.14554627
0.14865802
0.12337527
0.106757075
0.11711811
0.11998598
0.21562998
0.15389907
0.23162197
0.1722501
0.1887649
0.26888356
0.5396813
0.40765932
0.49927223
0.50709856
0.53648984
0.57448566
0.46586978
0.2884445
0.4527897
0.27994797
0.21465608
0.21214065
0.26153192
0.22798173
0.11007249
0.22406179
0.22158305
0.22797781
0.42548868
0.868371
0.9142294
0.688374
0.8749086
0.93346685
0.8764444
0.79625237
0.5337197
0.8943347
0.59400576
0.2246856
0.31270084
0.9155817
0.25118133
0.23223677
0.6627755
0.91252106
0.3487796
0.37789193
0.91931576
0.53354263
0.41021413
0.68152714
0.9169505
0.7258762
0.6551833
0.88894826
0.93453276
0.9131452
0.63828653
0.60180235
0.93208814
0.89319557
0.5905446
0.6452906
0.90338296
0.85067534
0.59300196
0.6924576
0.7246463
0.6173104
0.37552378
0.5959804
0.6665003
0.41897088
0.41873437
0.6180847
0.5515226
0.48870456
0.68197745
0.61416554
