0.12877367
0.2706279
0.2553664
0.19838826
0.18820675
0.18698537
0.16736192
0.1705588
0.12456323
0.17802188
0.18026245
0.1930527
0.17359541
0.17265005
0.2385508
0.16129227
0.22836402
0.21258269
0.18800147
0.23650323
0.289918
0.17318642
0.19301437
0.4137098
0.388308
0.11786792
0.31799686
0.68208945
0.34112242
0.3513193
0.74452525
0.8783761
0.6196905
0.78634596
0.732094
0.7042598
0.83242285
0.81407374
0.62206995
0.5198993
0.72536147
0.74717414
0.8267336
0.6876686
0.6117592
0.54016286
0.585448
0.46130824
0.42848822
0.30695036
0.35316145
0.18049099
0.18072921
0.14089966
0.20724355
0.15738085
0.19134188
0.15875304
0.21944578
0.11975514
0.1657287
0.1576415
0.19903532
0.1619083
0.2171404
0.14399672
0.3586885
0.17472714
0.21386756
0.19829641
0.21032223
0.22641332
0.5412736
0.5480883
0.57021576
0.32348794
0.53464043
0.8537755
0.60756755
0.3073464
0.7492222
0.46693185
0.3112746
0.36656377
0.49214023
0.5851529
0.25261703
0.31767845
0.33183113
0.623215
0.2580022
0.70547736
0.9188784
0.5997744
0.8145435
0.9241903
0.8774777
0.7452276
0.29056847
0.90193474
0.81274897
0.18280062
0.22218663
0.8818855
0.1797579
0.13123572
0.61254793
0.89996856
0.209419
0.28958482
0.8984625
0.5636923
0.3649812
0.6296246
0.9087782
0.7793243
0.685222
0.8874043
0.9373467
0.9081891
0.6143039
0.6358211
0.9391901
0.8852309
0.5358302
0.66133565
0.9142421
0.8588096
0.53257126
0.7298873
0.7661415
0.6155918
0.4103201
0.6592936
0.6959442
0.4377579
0.43506733
0.6452182
0.5872537
0.51193887
0.6928108
0.6161194
