0.1163143
0.18580732
0.34984916
0.20841314
0.2524836
0.19273034
0.20411378
0.21882954
0.19276506
0.2143469
0.21996975
0.27978233
0.22040015
0.20140927
0.36801562
0.22685122
0.21561544
0.26498342
0.31895694
0.42520925
0.34206182
0.4046228
0.49554726
0.68577105
0.27067855
0.76590925
0.76734966
0.41325122
0.62151307
0.7313332
0.8570266
0.6852098
0.7888492
0.72729367
0.6625407
0.81513375
0.8400995
0.6575492
0.499279
0.70650274
0.7294158
0.83499795
0.6424971
0.49186614
0.49336272
0.56605774
0.35934493
0.370029
0.27423868
0.3352672
0.16520722
0.16024195
0.13281822
0.16513859
0.14643425
0.16144134
0.15458466
0.20998684
0.15228982
0.14893354
0.13765086
0.19757417
0.11662437
0.13722959
0.13233566
0.2723608
0.15978585
0.2839659
0.2661542
0.2298057
0.23484822
0.4088355
0.46314958
0.34821206
0.40110633
0.6605865
0.46375746
0.37659657
0.40953672
0.7593871
0.4897832
0.35629007
0.6378899
0.449683
0.4674282
0.22347908
0.5420235
0.3544935
0.38658804
0.36053035
0.7798613
0.92335206
0.59968203
0.8451437
0.9294833
0.8785219
0.78167385
0.35482296
0.91698897
0.8098279
0.24735884
0.2709547
0.9279602
0.19494615
0.24397974
0.7703195
0.9163132
0.2913591
0.38422894
0.9303661
0.77112037
0.5327667
0.7679317
0.93210506
0.7846864
0.6489342
0.88623023
0.83027995
0.9349097
0.67606544
0.66361314
0.9225078
0.9088029
0.65678674
0.64521796
0.88254815
0.8518387
0.6031161
0.68817025
0.6971697
0.6406152
0.38582593
0.5815355
0.66912717
0.39566165
0.4228168
0.5980807
0.51314145
0.4886412
0.6911939
0.6021273
