0.015631545
0.030035574
0.039043497
0.056410816
0.05100791
0.07179111
0.059891004
0.079769306
0.08256913
0.12973599
0.12304651
0.11963665
0.18440767
0.21086279
0.25382918
0.21792124
0.22157267
0.28048185
0.24577741
0.20684367
0.18817484
0.1829166
0.16701381
0.19263428
0.15064496
0.18536685
0.14993845
0.19504897
0.15944636
0.28373486
0.18149388
0.23616406
0.25674924
0.38294023
0.3399019
0.3679118
0.29130375
0.41585004
0.22795047
0.3113238
0.3180086
0.43529308
0.29634318
0.74385136
0.6599632
0.47276473
0.5099914
0.65531427
0.42889014
0.22517239
0.31009138
0.5663207
0.26872054
0.22647835
0.4016568
0.41626954
0.33107218
0.3277199
0.4762158
0.35829613
0.53396106
0.48420408
0.8481156
0.9279382
0.7680248
0.88523704
0.92927766
0.916659
0.8684927
0.53188735
0.9261958
0.83089674
0.26473427
0.40642425
0.9206421
0.44952223
0.22951013
0.6526301
0.9297904
0.3938755
0.27674162
0.92342
0.7399705
0.47924206
0.548307
0.91199356
0.7973712
0.46247926
0.578324
0.89674264
0.9359009
0.66186
0.7016768
0.945786
0.8978007
0.64575875
0.74148184
0.91693485
0.8429713
0.62812096
0.7439377
0.751888
0.63294727
0.36337477
0.579969
0.67711157
0.35171074
0.42901775
0.61249965
0.52468836
0.5035846
0.7095966
0.62404835
