0.12567185
0.27438724
0.30088285
0.1950186
0.17694172
0.19431962
0.22563183
0.1881584
0.13172667
0.18936019
0.23576517
0.21295881
0.20710383
0.22055686
0.5186889
0.19929886
0.35000816
0.32157585
0.27521384
0.27223253
0.31388515
0.23561648
0.19124027
0.30848372
0.49096543
0.10979257
0.28080872
0.67407584
0.30226633
0.23820356
0.72965825
0.8894966
0.63829356
0.70831454
0.750968
0.5953525
0.7958215
0.8297936
0.6553996
0.52791
0.7093864
0.7449584
0.7975765
0.6368687
0.5525573
0.46160585
0.42467883
0.28354365
0.35077098
0.2838444
0.2766946
0.20100416
0.20185935
0.20140189
0.26466236
0.1708762
0.325783
0.28477958
0.35188636
0.19831721
0.25493488
0.27783334
0.3200116
0.21274334
0.29815906
0.14502117
0.27631956
0.21719055
0.2763046
0.16816492
0.24715443
0.47136205
0.7218947
0.59222496
0.70958096
0.6628524
0.5112492
0.38776362
0.31324074
0.27590153
0.35820818
0.26867086
0.20971705
0.23448712
0.2797181
0.24977005
0.16636793
0.2783641
0.26502022
0.4270574
0.41245967
0.81771773
0.92033714
0.681596
0.8538981
0.9235332
0.8798263
0.76363564
0.27248412
0.8911611
0.78844285
0.17517589
0.2183976
0.9031648
0.27299726
0.19029972
0.5972022
0.9129966
0.31992018
0.30202094
0.8971105
0.7973016
0.40295243
0.6479927
0.87078416
0.75662076
0.59877187
0.8593142
0.8147893
0.9252338
0.6244595
0.57533187
0.92319393
0.89552575
0.54700613
0.5913367
0.88901025
0.8536801
0.4711507
0.6740532
0.68908185
0.5314649
0.30374154
0.5589322
0.59724
0.32077956
0.42033496
0.5867136
0.48397997
0.488337
0.71963906
0.6084454
