0.15137975
0.30684087
0.2590269
0.20055355
0.19569436
0.19355288
0.1742452
0.17804663
0.14540689
0.18393804
0.16132931
0.21350752
0.21425426
0.20648882
0.29677564
0.19597192
0.2925303
0.23949523
0.27005744
0.3352988
0.3879809
0.23116954
0.21271573
0.4397148
0.37097272
0.12869577
0.25922078
0.5021651
0.29115832
0.33953366
0.744274
0.8719957
0.6484142
0.73471653
0.7145141
0.71577424
0.8158214
0.81788516
0.65630925
0.5243469
0.71668047
0.7634202
0.8109283
0.5490098
0.498584
0.46152264
0.4133753
0.27587995
0.33197588
0.27490708
0.25018537
0.1578589
0.20027584
0.17636107
0.31371382
0.14189504
0.2889526
0.2860501
0.44994402
0.23631363
0.4530055
0.4615954
0.3813797
0.25855675
0.47399446
0.2671136
0.3370704
0.31175867
0.6486557
0.23712109
0.30033657
0.43750355
0.7810938
0.5137263
0.7025947
0.5811576
0.58315766
0.48965174
0.51174235
0.27831796
0.2753194
0.25450355
0.18729441
0.11594308
0.19262943
0.24652185
0.1805827
0.30108267
0.34294677
0.75247204
0.61043835
0.8852147
0.9251061
0.7573931
0.8869705
0.939598
0.8790656
0.82656497
0.54143053
0.91486406
0.61389476
0.23876333
0.35515693
0.90940714
0.25922644
0.26608187
0.64325964
0.909938
0.33091295
0.327378
0.9106306
0.6371255
0.41652176
0.6118018
0.897599
0.71323586
0.7101153
0.88302755
0.93447495
0.90585965
0.64875525
0.6662915
0.93260205
0.8731498
0.59236026
0.7157068
0.9018226
0.8400954
0.61907625
0.7206941
0.7435323
0.60075295
0.42782837
0.60717964
0.67963016
0.41077137
0.4310676
0.62514734
0.5395977
0.48936856
0.65879035
0.5904477
