0.15878522
0.32959706
0.2591669
0.16995494
0.11472202
0.15144536
0.13668981
0.12653065
0.1069419
0.14445591
0.18876854
0.18559702
0.1659992
0.1863066
0.57570636
0.22063103
0.27310956
0.31676877
0.3298701
0.28861657
0.46404025
0.2801996
0.23611543
0.4474413
0.5129727
0.118669614
0.28718472
0.6717218
0.27409306
0.3337449
0.7300536
0.88534254
0.55993277
0.69601923
0.69610596
0.5884277
0.80515623
0.85520774
0.65382874
0.52275497
0.75998676
0.8028623
0.84263164
0.642066
0.61580676
0.537046
0.54902613
0.31926507
0.38197723
0.3160302
0.3112619
0.14050786
0.18509822
0.14986268
0.22409214
0.1508224
0.21784486
0.1529408
0.20221955
0.13868794
0.1811533
0.15934429
0.1726247
0.17671387
0.18407072
0.18553433
0.38459554
0.16191389
0.23393448
0.21651003
0.193377
0.24004915
0.65171987
0.4756671
0.41769895
0.4634225
0.5767813
0.3250385
0.22493367
0.2672831
0.5863525
0.30858108
0.25152072
0.3548647
0.34796292
0.29733104
0.18937753
0.32871845
0.27769068
0.3963506
0.3057643
0.78961223
0.91949874
0.66018915
0.8479261
0.9279534
0.87856627
0.78187567
0.32243744
0.8958549
0.82611364
0.20775685
0.24616237
0.90999085
0.2781524
0.2079322
0.56609
0.9147237
0.29059756
0.27515048
0.9083263
0.616239
0.35818374
0.6381554
0.911816
0.6568677
0.6035262
0.88522696
0.9335055
0.89261526
0.6229385
0.71204543
0.931835
0.8452458
0.621386
0.760971
0.8866304
0.8203462
0.7260538
0.7487553
0.67710555
0.6162806
0.46854496
0.58277774
0.65654033
0.44324872
0.49352288
0.59677804
0.5132864
0.48697093
0.6571733
0.58415926
