0.14450742
0.3386627
0.29341757
0.19565439
0.2203118
0.22497243
0.1651815
0.16781542
0.13299805
0.17597264
0.16431873
0.19406323
0.16968745
0.18005489
0.28872004
0.16711093
0.25314158
0.22233304
0.22621286
0.35512915
0.5083798
0.27041546
0.20550287
0.5332345
0.623075
0.082785286
0.1864643
0.46489164
0.22852767
0.1357828
0.522599
0.86648935
0.58891094
0.71303254
0.7225593
0.6527974
0.81899035
0.8164555
0.61598796
0.5110628
0.6853993
0.75898546
0.8264279
0.7132108
0.6143142
0.5299673
0.5882895
0.42365453
0.48025557
0.26746234
0.31743732
0.2677889
0.17889802
0.12156584
0.1443144
0.09449133
0.14630556
0.09696748
0.14637548
0.101376936
0.15530962
0.15477264
0.13552009
0.14427711
0.17565656
0.13981956
0.48306862
0.24922104
0.30180892
0.19535232
0.30412173
0.22421047
0.36802468
0.40711853
0.53044367
0.31685945
0.32067966
0.63527524
0.5656678
0.2754268
0.6377133
0.3738436
0.32597384
0.29543075
0.34640452
0.2959647
0.18842499
0.13547389
0.13348493
0.19186151
0.18568313
0.56194836
0.895996
0.5516775
0.823088
0.9179672
0.8295283
0.7161949
0.23990197
0.901168
0.70088047
0.12089008
0.22855613
0.8897779
0.19119652
0.10520209
0.47560754
0.8872611
0.16924445
0.21457079
0.90145516
0.75593984
0.3868682
0.6441864
0.90485865
0.68339044
0.5816341
0.86936074
0.9279227
0.8951776
0.5793641
0.6296484
0.9246509
0.87630737
0.6190622
0.65974134
0.88892215
0.8282278
0.7092331
0.69575864
0.7017075
0.61941147
0.4148647
0.5471254
0.62966865
0.4119579
0.4470145
0.60188127
0.51801074
0.47823206
0.6685236
0.58578146
