0.18185875
0.35151556
0.30952817
0.2928642
0.31784916
0.25344232
0.20109849
0.23106304
0.17692441
0.17494483
0.2022563
0.21395297
0.15246099
0.15421398
0.27342507
0.14466722
0.21604057
0.21228917
0.17964935
0.26431987
0.36353323
0.20080623
0.17109694
0.39711902
0.47456303
0.08110852
0.2516421
0.59353375
0.28235716
0.19704777
0.72247773
0.886937
0.6038785
0.75313246
0.8436413
0.70622414
0.80826145
0.83888286
0.6896393
0.5101354
0.6855707
0.74734986
0.83058393
0.63775176
0.59772384
0.5356095
0.59073347
0.30197597
0.31212977
0.23461029
0.24286479
0.13476671
0.17055021
0.13720442
0.22193202
0.14152573
0.19448829
0.13549732
0.20074767
0.1391304
0.19100507
0.1823478
0.14966507
0.12626521
0.17592283
0.14523986
0.26264235
0.14177042
0.21976833
0.1956109
0.24374484
0.27788597
0.5459691
0.4997824
0.52007926
0.51285356
0.5660477
0.48136118
0.2618149
0.24024272
0.4725626
0.29542893
0.17323184
0.22965042
0.29638997
0.3583604
0.22022402
0.72061557
0.3579489
0.7656609
0.68337226
0.83837926
0.8989171
0.5940002
0.83877295
0.92249453
0.8291937
0.7268962
0.36155063
0.87730086
0.61873305
0.17721952
0.1901741
0.84649664
0.14816877
0.13344821
0.62073624
0.8956791
0.22426298
0.30042613
0.8972754
0.69284415
0.40055582
0.6054759
0.90086067
0.71033835
0.55926955
0.8633905
0.89407074
0.920044
0.5950043
0.57538354
0.9300674
0.8906649
0.5650591
0.5442847
0.9001118
0.85159826
0.4174601
0.62689215
0.7615464
0.6190055
0.25093722
0.5230749
0.6703984
0.23169479
0.27742848
0.61559695
0.5777901
0.42633438
0.67582583
0.5912995
