0.01366567
0.026798006
0.026654016
0.033628937
0.071121156
0.07684972
0.03805797
0.070118725
0.048884552
0.034004122
0.02288066
0.026385643
0.022571247
0.031112894
0.02697416
0.030869976
0.03402225
0.036409624
0.033843473
0.03881014
0.023426447
0.044593878
0.058009036
0.020621736
0.027878003
0.043258198
0.05233815
0.052102312
0.069649905
0.08818514
0.10227021
0.10648027
0.1529067
0.12930778
0.10106817
0.12042542
0.21914664
0.20281863
0.22883669
0.26724476
0.31024078
0.30653107
0.46948177
0.43509915
0.2924079
0.24653898
0.26978394
0.18996407
0.14544699
0.13220267
0.16543013
0.1153213
0.14368743
0.13604818
0.115273595
0.2404955
0.16166432
0.2161078
0.19718608
0.19827452
0.21386652
0.27942035
0.21428506
0.17830563
0.27873036
0.4696298
0.11252467
0.16895716
0.45839885
0.21937226
0.1634742
0.73215085
0.8860891
0.58472455
0.7328896
0.8164279
0.7394708
0.7921923
0.79885936
0.7586523
0.5299947
0.74515057
0.8228723
0.83512676
0.46010426
0.5122063
0.6153597
0.4421774
0.24265853
0.41284287
0.22866067
0.17947784
0.12965818
0.16041659
0.13321014
0.18508106
0.12504575
0.20977117
0.14911039
0.18934678
0.12340204
0.2283026
0.1653906
0.09043181
0.08370426
0.21103218
0.09571709
0.111678
0.19755463
0.5264925
0.2804844
0.42589852
0.38179746
0.65416104
0.6862151
0.6339665
0.4967558
0.6781776
0.3989877
0.38818765
0.24274442
0.50719583
0.3439321
0.213231
0.35605955
0.30664656
0.30621356
0.22911115
0.4652153
0.20914282
0.28439024
0.3155286
0.75224423
0.7750321
0.5115536
0.8102538
0.9178629
0.83520925
0.6901544
0.33633435
0.8639539
0.62831974
0.13010946
0.17678672
0.89159524
0.21451642
0.07972021
0.4981961
0.8582258
0.1288297
0.13371931
0.8683435
0.5006359
0.3146732
0.5157456
0.8319238
0.72315705
0.5587367
0.8574456
0.8793744
0.87514216
0.74314547
0.5868965
0.912189
0.80125856
0.46956328
0.47359675
0.8736831
0.83818835
0.5237309
0.58461875
0.6563029
0.65267193
0.35052276
0.48539567
0.5946683
0.2845444
0.29379085
0.5238979
0.5038074
0.4526546
0.6520624
0.5728004
