0.09559988
0.15042405
0.19454719
0.15030876
0.1753512
0.25036088
0.21615134
0.22635767
0.22997849
0.33658293
0.24534269
0.34947926
0.4483393
0.25644553
0.2928791
0.43144995
0.30731568
0.35036144
0.44509277
0.4960109
0.350298
0.37809512
0.21188824
0.2624623
0.21117267
0.08773318
0.24949242
0.3679481
0.20777701
0.1808244
0.78359735
0.8456405
0.5384543
0.717775
0.84994215
0.73041797
0.81186837
0.84485376
0.73252857
0.4953371
0.68797386
0.7816203
0.83284795
0.34147987
0.46143436
0.44189608
0.26441836
0.18333396
0.16897255
0.22308068
0.31866243
0.15938348
0.20552005
0.27398595
0.28446475
0.22109514
0.28670952
0.28471416
0.35919645
0.20791532
0.45538422
0.3858926
0.16517475
0.22157982
0.37703398
0.15330805
0.24997067
0.59109765
0.59461343
0.22576134
0.5244935
0.44347045
0.62066597
0.6248153
0.63548046
0.6850031
0.5857907
0.48858508
0.44467676
0.3023333
0.41143572
0.27164212
0.29016644
0.4200662
0.28322014
0.42480418
0.30948436
0.5522308
0.22411504
0.4425715
0.32127717
0.74855834
0.9133308
0.44273266
0.8449459
0.9224422
0.878944
0.83148026
0.6421355
0.9311234
0.72005373
0.2930642
0.30183896
0.88985276
0.13143642
0.12459828
0.7236735
0.8705716
0.21489915
0.52284354
0.9251094
0.6296074
0.46680826
0.73957205
0.8739488
0.6929051
0.5225417
0.87561977
0.90102494
0.8943098
0.7674302
0.7828404
0.91222215
0.85702455
0.5152028
0.5609785
0.87107307
0.829281
0.6251322
0.6438108
0.6890498
0.61658466
0.53073186
0.56720126
0.5816641
0.34836683
0.36303326
0.59572995
0.52828985
0.4861584
0.6981414
0.5965417
