0.10493635
0.15658224
0.22845624
0.16581485
0.169975
0.17247388
0.17489184
0.20258944
0.15284155
0.19532959
0.1910012
0.3223094
0.22604388
0.20811298
0.4675084
0.27876577
0.23317677
0.23967265
0.35558227
0.32180318
0.28424057
0.27217472
0.39618203
0.34706023
0.3416148
0.14211692
0.3279973
0.56033313
0.3126313
0.38294077
0.74333113
0.88696086
0.58046305
0.7250846
0.8376479
0.67349166
0.8154441
0.86825144
0.7726043
0.5245697
0.73173916
0.81897974
0.8240365
0.454842
0.5302554
0.5446607
0.31755355
0.23609063
0.31749034
0.19569561
0.14181909
0.13204584
0.17805587
0.18213208
0.17831865
0.13838606
0.25167426
0.26755598
0.23985033
0.19658472
0.49556306
0.27308652
0.12938319
0.17288768
0.6412099
0.16351584
0.1094616
0.3473733
0.68821
0.13937585
0.13437645
0.44886932
0.7345422
0.39554057
0.66901106
0.80099773
0.69221854
0.66695225
0.4614988
0.34599614
0.44027293
0.24441282
0.17900953
0.16649203
0.19393757
0.14957795
0.102302454
0.20189162
0.14280136
0.19094396
0.6953974
0.872629
0.8506976
0.7003315
0.90086615
0.9385753
0.8861052
0.85299516
0.55286944
0.8952681
0.65754765
0.22363468
0.31369343
0.929981
0.33671066
0.18048254
0.6733552
0.92315745
0.36774024
0.28728235
0.893869
0.87475497
0.44078594
0.4717704
0.87723434
0.7008926
0.5279885
0.5818489
0.7203418
0.9333535
0.8404356
0.641606
0.9351183
0.89146715
0.57522357
0.59686774
0.9119313
0.87367225
0.560519
0.70657176
0.7886435
0.7550567
0.3525591
0.61591256
0.68513846
0.37952757
0.42450234
0.61044407
0.5327961
0.42273226
0.59494704
0.59309703
