0.13750082
0.31585488
0.34392357
0.21339329
0.20663445
0.23931229
0.23357406
0.19279993
0.15454616
0.20904256
0.21738975
0.22535571
0.2260664
0.25218615
0.64397836
0.28109238
0.42808464
0.38478124
0.34602383
0.3416076
0.40446234
0.27358463
0.24819773
0.4943789
0.5589725
0.100545526
0.287475
0.67091787
0.22534892
0.18257625
0.70697457
0.8899577
0.5774383
0.74550176
0.8476988
0.7096047
0.81671304
0.8294578
0.68494844
0.5229104
0.6833733
0.745949
0.8402823
0.6721165
0.58649313
0.49745443
0.5911849
0.29447946
0.2133194
0.25821212
0.32390413
0.18595374
0.21889418
0.24063648
0.3569356
0.23299421
0.56207615
0.38586885
0.41086146
0.23680969
0.32009432
0.48303857
0.36240447
0.2538868
0.4589032
0.15608615
0.24297503
0.24946782
0.3116662
0.16432329
0.27329698
0.4526275
0.59871435
0.41015378
0.5996017
0.61113304
0.268775
0.28197843
0.23153538
0.20953138
0.29175243
0.22505064
0.25265077
0.23855494
0.266621
0.38229355
0.20011131
0.3175338
0.32854524
0.5594487
0.38052455
0.8062944
0.91910654
0.688619
0.849405
0.9264936
0.87215817
0.75454587
0.41457587
0.9052429
0.7415764
0.20032255
0.32165563
0.9178161
0.18359144
0.26410207
0.791953
0.9082919
0.3164214
0.3605883
0.91428274
0.6954217
0.42560866
0.64189625
0.92311853
0.7228525
0.5928555
0.87683064
0.9394139
0.88609177
0.5923097
0.72765625
0.9203715
0.807498
0.63091785
0.7919728
0.8761617
0.81326544
0.6917629
0.71066296
0.64410794
0.599026
0.47330666
0.57336926
0.6493379
0.4331374
0.47747135
0.5921992
0.5054551
0.4860493
0.65437764
0.59150606
