0.30609235
0.5197442
0.51106566
0.4327526
0.4528947
0.4504569
0.44789636
0.45397347
0.40102327
0.4269475
0.40904236
0.63342446
0.5909615
0.5225796
0.71246654
0.52493155
0.53322566
0.3880105
0.36886218
0.46840265
0.44267184
0.29911077
0.27541962
0.4989839
0.58943146
0.09936472
0.29699674
0.576983
0.30143085
0.26902622
0.77804893
0.9075063
0.65764177
0.7562511
0.86170053
0.7386358
0.84321094
0.8662
0.7724052
0.56577396
0.806868
0.8333947
0.8444341
0.6025019
0.546788
0.49678662
0.32567215
0.31329238
0.3744221
0.35720763
0.45721442
0.33828703
0.276215
0.28653875
0.39286104
0.24257931
0.6612066
0.5566228
0.5256614
0.26378155
0.40256858
0.49239346
0.4188019
0.31209606
0.6215677
0.27841496
0.5937733
0.6088836
0.8361515
0.31679183
0.649182
0.65373087
0.75811446
0.59574103
0.82959896
0.7564601
0.72489953
0.71782637
0.6298747
0.39614245
0.48600006
0.7457804
0.30508024
0.15034974
0.30504593
0.38821173
0.22910091
0.24870315
0.42108044
0.6548953
0.48080572
0.8638204
0.9255031
0.775861
0.89554524
0.9321962
0.8846991
0.85431695
0.73620266
0.8969586
0.7970939
0.59073037
0.7066909
0.83818203
0.65432394
0.6254667
0.68724066
0.6938207
0.6646387
0.5467567
0.67072207
0.6308642
0.48739398
0.33031693
