0.14455609
0.3331377
0.30013615
0.23443355
0.22200345
0.2882555
0.21030436
0.20552142
0.15797377
0.22636396
0.19241863
0.2179097
0.24909967
0.28427768
0.38911536
0.18530071
0.2912115
0.24827069
0.2348974
0.2682125
0.33506712
0.19907893
0.18699351
0.3694398
0.53620607
0.13439193
0.33711365
0.7839784
0.41561076
0.38322505
0.7119547
0.89718586
0.7105032
0.80274045
0.7929294
0.70533913
0.8092108
0.82426834
0.6946626
0.6043977
0.75304675
0.7803525
0.8384128
0.65958
0.5991361
0.5606924
0.51602495
0.35890588
0.34931928
0.29690406
0.32333377
0.14195567
0.15187949
0.13303871
0.20143226
0.14382993
0.23133355
0.16587463
0.23808931
0.18591414
0.2724356
0.26446193
0.24348396
0.20357798
0.23339015
0.13105305
0.2203582
0.18121603
0.19037086
0.14654012
0.20383327
0.38817343
0.4786686
0.52464575
0.73768705
0.6641496
0.5230072
0.58298516
0.44452578
0.27331048
0.43465015
0.39188585
0.22436936
0.23605151
0.33001578
0.27295804
0.16423804
0.30214912
0.26413783
0.44693887
0.30930087
0.78069884
0.9203664
0.7238234
0.86120987
0.92586845
0.8940232
0.8201884
0.358888
0.8991487
0.8316947
0.22537054
0.21239159
0.893556
0.25869814
0.15386707
0.50278556
0.9084407
0.29620507
0.2708969
0.90147895
0.72582644
0.39413062
0.6711227
0.89761853
0.7039775
0.6252165
0.87858313
0.9255638
0.9122176
0.60082984
0.59688604
0.92020774
0.87335545
0.57528305
0.6616463
0.8827425
0.838958
0.65124017
0.67740756
0.65744895
0.59774595
0.3841557
0.5437679
0.66752243
0.45301184
0.5132382
0.627469
0.5537518
0.5118566
0.67246825
0.59423876
