0.13106254
0.30530876
0.34432685
0.21027276
0.21683227
0.25457194
0.2377673
0.20467791
0.16824311
0.23665635
0.22428198
0.22526033
0.23806116
0.2279546
0.43328464
0.21642262
0.34085035
0.28426304
0.27462524
0.25547576
0.3368855
0.24584042
0.18894395
0.2794787
0.44508186
0.110366374
0.2603005
0.54407525
0.2774765
0.22382733
0.6860421
0.8870251
0.6066482
0.7417972
0.8143701
0.717989
0.81830704
0.83266395
0.6817073
0.52642256
0.67969793
0.75411683
0.8368751
0.6571414
0.6009471
0.54981154
0.596533
0.31546038
0.2877892
0.24859393
0.24543029
0.14171681
0.17362344
0.15315251
0.19891612
0.13724132
0.24187343
0.19440292
0.23332521
0.16026036
0.2817231
0.31787506
0.29781076
0.25082955
0.2512091
0.17917737
0.2688853
0.23161384
0.25433025
0.20310707
0.24959326
0.31700775
0.55241716
0.51716
0.49461436
0.4179888
0.27719367
0.36811265
0.22773308
0.23356785
0.31724894
0.26381636
0.25418437
0.24105683
0.32523438
0.40555495
0.24833846
0.5092175
0.47660616
0.5685881
0.4900087
0.8599484
0.92801833
0.7067144
0.85086066
0.9299342
0.87448275
0.7574996
0.3406258
0.9074982
0.780433
0.16796538
0.23244281
0.9083043
0.19175111
0.16976938
0.66691345
0.91073304
0.19092853
0.26735157
0.92085564
0.53184956
0.33296946
0.6307764
0.91563356
0.76428825
0.62283945
0.8930807
0.9376587
0.9052835
0.6447674
0.70855397
0.9327717
0.8683284
0.5945657
0.729873
0.88241225
0.80761397
0.58281314
0.6636513
0.628675
0.4720849
0.3281355
0.5473767
0.58740133
0.30715513
0.45818385
0.6116656
0.49475533
0.4991225
0.69955957
0.6095867
