0.03522585
0.03318893
0.03524363
0.04680392
0.05467302
0.05467302
0.0579439
0.07881547
0.077275775
0.07726877
0.077833444
0.07597734
0.09552434
0.16837218
0.18110353
0.18931916
0.25589728
0.24176447
0.12874673
0.08795085
0.06276534
0.060157843
0.034420934
0.015949292
0.014949493
0.024972767
0.2307629
0.5227353
0.23712736
0.22576563
0.6347741
0.86157256
0.4788567
0.68797505
0.71234256
0.6647804
0.8098595
0.8189095
0.63909817
0.51135623
0.77752596
0.82019836
0.8430096
0.6831639
0.65461147
0.6102016
0.625168
0.4712295
0.44540662
0.32370797
0.35087702
0.19131401
0.19498193
0.14340833
0.18036063
0.1471479
0.11397047
0.12286004
0.17354855
0.13858373
0.17122461
0.1633906
0.19855063
0.16042936
0.18261959
0.15055275
0.32469705
0.16982134
0.24376531
0.25768462
0.23673551
0.358776
0.043246515
0.038124993
0.03507582
0.03507582
0.030149195
0.03522585
0.033183195
0.03524363
0.04680392
0.05467302
0.05467302
0.0579439
0.07881547
0.077275775
0.07726877
0.077833444
0.07597734
0.09552434
0.16837218
0.18110353
0.18931916
0.25589728
0.24177696
0.12874673
0.08795085
0.063931525
0.060157843
0.034420934
0.016919892
0.014949493
0.024972767
0.89170396
0.24191171
0.043244775
0.044295218
0.03728132
0.021856014
0.030149195
0.030149195
0.020205649
0.027971597
0.044542428
0.05375609
0.05467302
0.05467302
0.053998593
0.10157599
0.07423678
0.09108741
0.077833444
0.08081106
0.1012173
0.16328692
0.1509497
0.17909506
0.278153
0.12700164
0.11775914
0.08795085
0.044691883
0.0501992
0.028925436
0.023070848
0.020371256
0.024972767
0.6319067
0.5590426
0.4840824
0.6623256
0.5865683
