0.11517631
0.13389477
0.21408689
0.26181105
0.3693033
0.41752848
0.45323384
0.7092708
0.5056764
0.5449479
0.6622752
0.67462087
0.76719135
0.70286155
0.6510945
0.5097849
0.74354357
0.7947012
0.82596385
0.4392941
0.4715596
0.49156398
0.33964556
0.26589826
0.3427537
0.24192257
0.20271422
0.18220657
0.20449042
0.21074641
0.27950612
0.18833834
0.25198877
0.28779486
0.3548513
0.3156159
0.53319
0.41836524
0.45683932
0.35255283
0.63272655
0.26974955
0.354304
0.36953834
0.6419772
0.20592721
0.41180968
0.5383674
0.7925444
0.68893355
0.7454404
0.781146
0.727298
0.6326487
0.41921216
0.3441993
0.43500236
0.228962
0.18125132
0.19936825
0.22654809
0.15030316
0.1509205
0.41942292
0.2115262
0.25622863
0.6928364
0.9140814
0.90433425
0.78727067
0.91407174
0.943873
0.9014938
0.8783969
0.6678393
0.93151206
0.7603332
0.29859295
0.44058168
0.93298644
0.4939879
0.21272138
0.68363035
0.92576844
0.41771394
0.2695103
0.893545
0.8892091
0.38766
0.43017277
0.8873771
0.7188574
0.54025066
0.63482386
0.8320624
0.9372741
0.8470465
0.7544562
0.9430758
0.9044286
0.61343217
0.70344865
0.9093822
0.8567704
0.5666848
0.7363068
0.7744252
0.74015206
0.36661926
0.59979516
0.66694885
0.40839264
0.43668532
0.6295017
0.5376278
0.5030084
0.64469045
0.6033083
