0.18846324
0.34389436
0.39076635
0.23730548
0.17013817
0.2471187
0.22546102
0.15993938
0.10786047
0.22060801
0.28287625
0.27409828
0.31719705
0.57748055
0.7974338
0.28395882
0.3524355
0.4518467
0.30345044
0.29395112
0.4326698
0.4968296
0.25571832
0.36262694
0.46732208
0.1235622
0.24541143
0.6874094
0.2747229
0.24177782
0.5484656
0.86870193
0.5895181
0.64354897
0.66257095
0.70899826
0.7873704
0.85325545
0.71166754
0.6258206
0.74868286
0.79153836
0.8264126
0.5856678
0.53999895
0.5342287
0.49411428
0.245142
0.26504532
0.228799
0.22921436
0.1346056
0.15492357
0.1288179
0.19342922
0.14147979
0.19419084
0.14587426
0.21744844
0.16290356
0.14270794
0.17693111
0.265372
0.19079652
0.19654942
0.17071393
0.3513089
0.15483257
0.2093763
0.19003657
0.20249754
0.29413337
0.40574282
0.47727662
0.48609605
0.36665687
0.5490519
0.45219812
0.3376555
0.38360512
0.71057606
0.46647143
0.3023396
0.4087643
0.3440298
0.24028313
0.12692294
0.21316993
0.17610893
0.24881802
0.25833434
0.74404395
0.9015217
0.53790474
0.86284256
0.92999333
0.88974684
0.8141517
0.3371927
0.8839125
0.6963122
0.11478531
0.15884316
0.8496472
0.2080873
0.102350526
0.385606
0.9050411
0.20126899
0.18650922
0.8728739
0.732789
0.4697091
0.48555705
0.8877265
0.68841726
0.8291003
0.8684579
0.9367129
0.56483525
0.54545146
0.9137958
0.8631534
0.5480534
0.67546374
0.87282383
0.8043228
0.6927618
0.6950513
0.6382742
0.5796308
0.43411666
0.57294834
0.64973676
0.45033032
0.501765
0.58918476
0.50507706
0.48578185
0.655981
0.5854948
