0.12322445
0.28495663
0.3214373
0.18978062
0.17215247
0.2434368
0.17705044
0.16955441
0.12695673
0.24254467
0.1799589
0.22228526
0.21393381
0.25888738
0.2852494
0.18298875
0.25680462
0.3179333
0.28937358
0.39706331
0.43709826
0.32461986
0.53042775
0.4277496
0.5644453
0.18515792
0.33601516
0.7232924
0.4441406
0.4716482
0.73857576
0.9103321
0.7387272
0.80210215
0.8315606
0.7644686
0.81689435
0.86225843
0.7757458
0.6320558
0.72228146
0.7862671
0.78754574
0.447122
0.5462896
0.51272446
0.4381679
0.23207732
0.25084853
0.1667949
0.17392462
0.16205767
0.17476884
0.15301
0.2565272
0.33996412
0.39724502
0.25061408
0.52175987
0.2607337
0.34874803
0.3806067
0.36847585
0.48213333
0.4816516
0.14696586
0.31871676
0.31255493
0.30443293
0.11718127
0.47755572
0.50157034
0.48178852
0.5063001
0.6522913
0.7283148
0.64277214
0.36615646
0.37301797
0.33735028
0.51954645
0.35154894
0.40008888
0.50101936
0.32797265
0.34024692
0.22063059
0.6070861
0.25088802
0.36391994
0.46800372
0.8733686
0.898743
0.5899209
0.89059764
0.93356997
0.7770066
0.8206152
0.5867127
0.8169441
0.2371707
0.18039681
0.1659565
0.7384901
0.07266799
0.057294387
0.14217481
0.106996424
0.087673776
0.09837723
0.7680891
0.6331217
0.47669652
0.42474726
0.71313834
0.7811535
0.7144169
0.6501646
0.8794237
0.7719935
0.2648272
0.5444589
0.79214275
0.31478983
0.27180758
0.84180087
0.8175243
0.41208288
0.4231194
0.48221943
0.5245703
0.24608296
0.36339056
0.5410109
0.38383335
0.33497396
0.52014905
0.5065336
0.5130798
0.6017257
0.542734
