0.14109361
0.3135461
0.3676828
0.21271534
0.24047779
0.21098983
0.22365676
0.19247653
0.1628521
0.19435951
0.16080292
0.24313487
0.19496725
0.18327507
0.25974756
0.26509282
0.20615725
0.20828652
0.2680296
0.5604431
0.28253862
0.3305984
0.38362244
0.61019534
0.17837717
0.32997766
0.6066362
0.38583893
0.50389034
0.70544577
0.86771584
0.7138499
0.8094627
0.7907696
0.7124692
0.84063923
0.8365318
0.68418926
0.55932
0.72872055
0.77376974
0.84808767
0.6574717
0.5180256
0.5113023
0.57914597
0.4035256
0.4126603
0.29436642
0.34198093
0.16054109
0.15505049
0.12656665
0.16259462
0.14303736
0.16200864
0.17494114
0.21197051
0.14648998
0.15203655
0.1440101
0.17173654
0.10545967
0.12747931
0.13062981
0.18225995
0.13508944
0.18473503
0.15649039
0.15811293
0.18277852
0.24609166
0.2856183
0.30611518
0.27940497
0.30694923
0.2950083
0.34268445
0.2679475
0.37575927
0.34424552
0.57593995
0.36583924
0.360466
0.39352968
0.3972178
0.30182064
0.24854514
0.70770425
0.61664814
0.7389765
0.9155424
0.79888445
0.8886599
0.7291533
0.8852248
0.87259686
0.47658333
0.8933172
0.8822095
0.3321012
0.3065495
0.9155793
0.27243534
0.227496
0.6933159
0.9153273
0.33352008
0.33064693
0.9108878
0.82946026
0.52326095
0.73460764
0.9319375
0.8119333
0.5972117
0.869987
0.8364924
0.93646497
0.64467144
0.65210706
0.9165173
0.90643066
0.6437247
0.6282929
0.87777036
0.8524784
0.59404004
0.6836895
0.6963442
0.64204204
0.37049377
0.5688184
0.6635586
0.37855488
0.4059134
0.5927714
0.506827
0.47754374
0.6816365
0.59635717
