0.15498069
0.34043252
0.35136327
0.22869496
0.21836871
0.23967147
0.2499122
0.21829498
0.1953503
0.26160544
0.24194527
0.27771062
0.2654068
0.34548274
0.6364564
0.2665848
0.41937497
0.44277403
0.43912748
0.3841974
0.39112675
0.2844184
0.267054
0.33253893
0.3560753
0.12585522
0.26272807
0.54522914
0.22357182
0.30180964
0.6513119
0.8527258
0.55096596
0.6974105
0.6920635
0.6948364
0.83224195
0.8125563
0.7306671
0.59830177
0.78055054
0.790928
0.8520904
0.6853304
0.5663244
0.6292334
0.51286304
0.27273157
0.31107008
0.31938413
0.32941872
0.08951686
0.15600379
0.14232707
0.19435519
0.10008994
0.38324705
0.29901534
0.23342678
0.19335856
0.527645
0.3994855
0.24625637
0.4406725
0.7507515
0.22415909
0.36954778
0.5619459
0.6966477
0.17529666
0.29555774
0.5823865
0.7630304
0.5345915
0.69920176
0.753004
0.6492969
0.49793646
0.3273564
0.25760102
0.35353798
0.2225468
0.1750522
0.24042527
0.27315852
0.2442945
0.18010736
0.5240443
0.30189937
0.29493287
0.5842391
0.8893501
0.92362875
0.7210469
0.8916755
0.94130725
0.8692906
0.78507304
0.4697778
0.89983857
0.42869234
0.16136551
0.293474
0.9200071
0.23503137
0.24005064
0.70793104
0.90710443
0.2571875
0.2748106
0.9270395
0.6561874
0.3725713
0.6800452
0.9196461
0.777195
0.63013726
0.8830278
0.9291465
0.8768521
0.6058551
0.6638616
0.9144293
0.8547274
0.6014536
0.65875113
0.87056935
0.8117565
0.6714793
0.63401157
0.66392577
0.61865443
0.47759536
0.56231356
0.6466917
0.4646093
0.44807163
0.62969685
0.54503065
0.5219139
0.6627041
0.57130855
