0.010766401
0.034533445
0.048952747
0.06262856
0.07209769
0.07153012
0.057284936
0.071240515
0.058113948
0.07615566
0.106106475
0.07123067
0.06785431
0.09780364
0.08163733
0.11905636
0.2519325
0.21271175
0.09695082
0.12258199
0.09622307
0.12503605
0.13738912
0.20351416
0.22340725
0.21817502
0.18254307
0.19505501
0.16849494
0.20414048
0.20298766
0.20250778
0.1970503
0.24781615
0.28421932
0.4012289
0.5597834
0.4599362
0.22898647
0.2558644
0.16300589
0.16336013
0.13992591
0.10512576
0.14952311
0.1624304
0.19153965
0.13875234
0.1781962
0.5084905
0.16866022
0.24894452
0.25970295
0.2722303
0.22107403
0.26048025
0.21523419
0.18289591
0.34915727
0.46116436
0.080282584
0.26609167
0.60993093
0.24240777
0.20276858
0.7345703
0.8935849
0.52393246
0.7647486
0.85423553
0.71523756
0.8092552
0.8228368
0.70618635
0.47451973
0.67211956
0.755687
0.82201403
0.62764597
0.5873634
0.54092556
0.56126475
0.30531836
0.2991667
0.2187028
0.25187945
0.14551997
0.15741424
0.11685886
0.1692955
0.11990133
0.20044632
0.13547613
0.22878069
0.16483973
0.3198584
0.26903072
0.18942508
0.21691348
0.55283964
0.17123283
0.32061052
0.39260557
0.63431776
0.1712076
0.23652996
0.45607552
0.59306884
0.25099826
0.4106247
0.56969696
0.5246901
0.4610169
0.331764
0.21301147
0.22245662
0.18413974
0.12937841
0.13953364
0.18178031
0.17467526
0.1144496
0.3454688
0.27065396
0.29892576
0.3211253
0.7904794
0.89478034
0.652574
0.8198268
0.9124886
0.85517985
0.7114076
0.24798366
0.86530703
0.7119834
0.15490477
0.2418082
0.910206
0.34516525
0.15088183
0.5717559
0.8961493
0.24154498
0.23369554
0.89295995
0.8238886
0.3291594
0.5450197
0.9162264
0.6725092
0.53878844
0.83904934
0.93286026
0.8797352
0.52880436
0.64334375
0.9172855
0.8104606
0.61840975
0.7575417
0.87505835
0.8089219
0.6828185
0.70590913
0.6518297
0.58914363
0.4474749
0.5678569
0.64847124
0.42255872
0.47696248
0.5869292
0.49273
0.4745296
0.6438345
0.57722634
