0.15159684
0.34344724
0.33441967
0.21281047
0.19752356
0.2519045
0.21515752
0.2113514
0.17730631
0.24044448
0.22629356
0.2481196
0.29292968
0.23539068
0.3506332
0.17432688
0.2654707
0.23399378
0.18541923
0.18687177
0.2377107
0.16936608
0.15928283
0.2951959
0.28941858
0.118812725
0.29000577
0.56929487
0.28373995
0.27316236
0.59709656
0.8679468
0.687696
0.7872943
0.7468882
0.6764885
0.83870214
0.82289594
0.6504485
0.56088126
0.7548421
0.78661495
0.8493512
0.6553665
0.63587594
0.63419586
0.5039455
0.51431966
0.51226854
0.43194345
0.43888798
0.1537731
0.1482824
0.11678049
0.16250902
0.1028729
0.15052058
0.11473086
0.19592947
0.10643087
0.1545785
0.13613337
0.1660274
0.11785734
0.14449145
0.13858347
0.25764674
0.13702887
0.26209968
0.19804876
0.14986517
0.21591881
0.4760263
0.27793574
0.29506207
0.6233564
0.71177155
0.44574073
0.48237166
0.57530546
0.6869488
0.31815177
0.3114474
0.4552051
0.35022637
0.26423603
0.21073167
0.58002275
0.27856338
0.2660583
0.46759826
0.880954
0.91338843
0.6737117
0.8820157
0.9368276
0.873424
0.8000663
0.5366553
0.90579623
0.59411097
0.25643137
0.32927376
0.920956
0.27420095
0.25365633
0.68626463
0.91646045
0.35921457
0.40366057
0.92350256
0.54035515
0.42195395
0.68739134
0.9191266
0.7288908
0.6637907
0.8916847
0.9353322
0.91965246
0.6504716
0.6069211
0.9327921
0.89891595
0.5974489
0.64750504
0.9033447
0.85378677
0.5998536
0.69356304
0.7304947
0.621915
0.37432003
0.5794238
0.6642004
0.42974013
0.42182973
0.6100412
0.5473424
0.4900623
0.68427616
0.61520326
