0.15114892
0.35057795
0.3767568
0.24690142
0.22277105
0.2490524
0.23686315
0.21836618
0.18911614
0.21447127
0.2478633
0.2865631
0.2120766
0.22379036
0.6092499
0.2168113
0.3263752
0.27758774
0.2923833
0.26300445
0.29266208
0.1951495
0.19536203
0.37234288
0.27906457
0.07829234
0.24801983
0.5305168
0.16626479
0.17506604
0.72655106
0.8701634
0.58789206
0.76320755
0.9039281
0.75981003
0.8535604
0.8519249
0.7358335
0.51806617
0.6692522
0.7523298
0.82957953
0.5906834
0.52380955
0.48959157
0.5441287
0.2799009
0.24281937
0.29863575
0.48573327
0.14020185
0.18296462
0.16269235
0.2976824
0.13549908
0.23138666
0.1756763
0.23951474
0.13825953
0.14639921
0.16983593
0.20758854
0.11613046
0.1338434
0.106465235
0.23735736
0.0972206
0.24883632
0.19950207
0.16402967
0.24161522
0.6702808
0.64198846
0.44075006
0.4071473
0.65086186
0.45906493
0.23976132
0.2799589
0.4492404
0.26711744
0.21338864
0.25339594
0.3343424
0.3246716
0.17981829
0.38827303
0.29735893
0.41141865
0.4308123
0.80020666
0.91295165
0.6420402
0.85184616
0.9214689
0.8722081
0.80153996
0.44092926
0.9091493
0.81912065
0.21306992
0.2588383
0.9081114
0.278772
0.21462634
0.6790316
0.9155489
0.28259757
0.29456845
0.90276474
0.52237886
0.29580098
0.6046879
0.9200721
0.70792675
0.6037265
0.8847153
0.93596745
0.88626873
0.5700827
0.6292291
0.92876166
0.84290504
0.6148015
0.74344486
0.88947356
0.8216211
0.6940345
0.738338
0.6790718
0.6229925
0.44398838
0.58450466
0.6597529
0.45136768
0.49821523
0.5903366
0.50722325
0.48475513
0.66608196
0.5875193
