0.016326798
0.03602541
0.038688675
0.029164802
0.044397917
0.048455115
0.049618855
0.04267232
0.037859514
0.032165498
0.036312003
0.024891123
0.028155506
0.035113525
0.042942654
0.061225582
0.09640032
0.08337016
0.09245162
0.081309326
0.09628799
0.08323537
0.10869206
0.10035938
0.105749264
0.099142194
0.068368554
0.03690693
0.047521263
0.030056752
0.02344229
0.016150448
0.012411926
0.010864568
0.0076751336
0.005924505
0.0057408405
0.0024214792
0.0039978013
0.002414456
0.0019396713
0.0018750393
0.0016844405
0.001814583
0.0016539397
0.001590358
0.001842804
0.0017191006
0.0016770285
0.0018873797
0.0017849503
0.0018350424
0.0019392883
0.0019465153
0.0029202227
0.0026325553
0.00445143
0.0064622317
0.009326864
0.014616521
0.019848207
0.061133787
0.098593764
0.089694686
0.12557767
0.116831265
0.14049403
0.15818924
0.16963536
0.19230862
0.18170747
0.14340109
0.19501105
0.14324099
0.23658976
0.12116052
0.21459001
0.11670238
0.13924772
0.14894566
0.15983279
0.15639134
0.11534086
0.18533388
0.3428931
0.16032451
0.18169205
0.2106697
0.23599748
0.12754828
0.17664975
0.1762671
0.18921386
0.19908634
0.52177495
0.23720111
0.23845346
0.082371056
0.21894199
0.10293563
0.18309933
0.22131437
0.3728866
0.27335453
0.36701322
0.2760614
0.4009022
0.25535047
0.15521738
0.14509712
0.1413466
0.15551257
0.14562441
0.10597523
0.08093628
0.12120335
0.13324066
0.09978447
0.07838025
0.07581173
0.070088014
0.096246
0.08622497
0.09405746
0.05696085
0.13114949
0.12676296
0.1356678
0.08466727
0.6281712
0.37979677
0.2142075
0.29016727
0.20819199
0.11382654
0.09176131
0.09066588
0.08819388
0.071229346
0.04371338
0.053101588
0.06788094
0.09929774
0.055992853
0.12414652
0.076775275
0.07321282
0.04668193
0.10586638
0.085721016
0.076231174
0.13305153
0.13752313
0.12675634
0.24365084
0.40759102
0.46240106
0.23323536
0.4143905
0.34546146
0.102209896
0.22099645
0.12051273
0.19892201
0.036723826
0.18752733
0.18019682
0.10247106
0.06252979
0.45067188
0.13400361
0.20980747
0.06751776
0.2727455
0.09874402
0.024636738
0.053213466
0.09605558
0.07260384
0.042287845
0.044101417
0.063035496
0.09745728
0.11937324
0.11857698
0.13262339
0.13920264
0.44881293
0.24712047
0.27829915
0.2999753
0.38988206
0.123942666
0.089399256
0.11662664
0.08496471
0.03575584
0.06308728
0.06553723
0.026919322
0.01567045
0.030622903
0.022096992
0.011768261
0.014083139
0.0254305
0.011044095
0.008944644
0.0101516405
0.0058399052
0.0040558786
0.0040617613
0.00370134
0.0030593015
0.0030499122
0.002861972
0.0024504517
0.0022799205
0.0023064108
0.0025957045
0.0021527093
0.002375234
0.0031333028
0.0029825722
0.0034301367
0.005507067
0.0041983565
0.003440433
0.005527671
0.008348658
0.0038409382
0.0027564005
0.002837033
0.003045493
0.0017138395
0.0017783144
0.0017496804
0.0014045427
0.001276277
0.0013778624
0.0011425948
0.0010384371
0.0010509543
0.0010244128
0.00090866326
0.0010857127
0.0011643703
0.0012133088
0.0015903898
0.0018992949
0.0023274536
0.0027654094
0.003001111
0.004227063
0.005069925
0.008417725
0.009976371
0.009260306
0.010359398
0.007070591
0.0053337812
0.0076811723
0.006671765
0.004958002
0.006272348
0.007305703
0.006014564
0.0060466514
0.008537176
0.010764609
0.009182824
0.011264008
0.010404729
0.009471485
0.009847717
0.012390154
0.008746153
0.009137192
0.006018391
0.0052730734
0.006066397
0.0140212355
0.0093243215
0.007342746
0.014976869
0.013608112
0.016129807
0.027456274
0.06248838
0.097823374
0.055194028
0.08551887
0.11454677
0.06362385
0.07153238
0.10597078
0.11052528
0.0753667
0.10553329
0.12340987
0.081627645
0.07816512
0.056404177
0.08189313
0.046424203
0.04439594
0.046096116
0.03543323
0.0309994
0.026973775
0.0273852
0.024056733
0.021922126
0.02868871
0.026551282
0.016292686
0.019511916
0.019828504
0.019926485
0.009678974
0.011058437
0.0069133947
0.0053042443
0.00598272
0.0055532237
0.0051386384
0.005877947
0.0065689213
0.00866114
0.007550574
0.009232284
0.010970664
0.010976891
0.008743248
0.00801002
0.011155243
0.0056487825
0.0058878437
0.004537508
0.0036322176
0.003034585
0.0022798097
0.0017766367
0.0018895098
0.0014969996
0.0015703824
0.001230578
0.0013638942
0.0012620473
0.0016063574
0.00182394
0.0015004805
0.0013230804
0.0013843515
0.0012000536
0.0012061956
0.0012905482
0.0016291699
0.0018507167
0.0022777098
0.0021444447
0.002785883
0.0031959005
0.0046543237
0.005465507
0.0058987923
0.0059318957
0.0048313723
0.006908793
0.00862793
0.0072847935
0.018050745
0.018085945
0.01365241
0.015011984
0.02363238
0.028211875
0.031190224
0.02703702
0.037380982
0.027614525
0.027165009
0.026027277
0.043948274
0.041035507
0.03504412
0.031708725
0.03812604
0.026780253
0.0386275
0.03648565
0.0718811
0.04751874
0.04802893
0.058936246
0.041208338
0.040354226
0.03569245
0.037628938
