0.0025299727
0.0051813694
0.005239813
0.0033520479
0.0037268926
0.004338152
0.0043804855
0.0042544194
0.0047957567
0.0042069694
0.006963281
0.005281096
0.0048321057
0.004817757
0.004365384
0.0046093427
0.0065354374
0.007054931
0.006527683
0.006289348
0.0093976045
0.009979353
0.0097366925
0.015492174
0.012222372
0.008458043
0.01092834
0.011595804
0.011163894
0.01019432
0.021569517
0.027423378
0.022879945
0.05854038
0.097091235
0.086635806
0.11940689
0.10345702
0.13658655
0.14766403
0.12881356
0.17750195
0.18395245
0.12221208
0.1632301
0.13962494
0.19891676
0.11350011
0.2270437
0.1363411
0.1348331
0.16627087
0.17429477
0.1899141
0.12946576
0.24250194
0.33110338
0.19055587
0.26626268
0.276947
0.23807277
0.10407524
0.2545255
0.21811156
0.28589308
0.3536691
0.8178834
0.5655806
0.69237465
0.59202963
0.75828403
0.52360374
0.4146235
0.80786926
0.6763613
0.42392194
0.17188519
0.6302201
0.55657774
0.29894352
0.12500137
0.1368545
0.085540906
0.08642826
0.061885513
0.06512218
0.028917227
0.095310375
0.072278805
0.0982045
0.058740214
0.57918304
0.2859148
0.13989338
0.26093006
0.19680402
0.10975948
0.07642202
0.09096505
0.072624214
0.05552339
0.041114017
0.04882156
0.058657616
0.10237044
0.06947396
0.13439223
0.079003155
0.12794784
0.04870597
0.1581215
0.10698772
0.23418929
0.09449423
0.07709519
0.09650488
0.12376131
0.10428208
0.08598728
0.13667808
0.13156877
0.15226686
0.22280627
0.15188743
0.17171074
0.20830649
0.07749021
0.15985495
0.15095575
0.14442027
0.0868586
0.16957864
0.15421641
0.26001492
0.07140279
0.2249873
0.20348947
0.10372654
0.11681353
0.15140697
0.11910723
0.093732186
0.0573069
0.07059261
0.13376673
0.14508271
0.11617103
0.119602315
0.13988289
0.29151723
0.19377537
0.27987182
0.2877351
0.36211258
0.107325345
0.09832487
0.120035335
0.10322315
0.04378813
0.08482946
0.06895529
0.03312814
0.0195683
0.03341596
0.022880789
0.0086386185
0.011285642
0.015359203
0.004150865
0.003696725
0.004319482
0.0021145039
0.0014248439
0.0014061152
0.0013405591
0.0010367542
0.00093343476
0.0011015629
0.0011070953
0.0011672188
0.001193064
0.0014505907
0.001472554
0.0016488738
0.0019122043
0.0020083466
0.0025660906
0.00394223
0.0034348902
0.003221299
0.0044663823
0.006095959
0.0036894248
0.0024415557
0.0024828436
0.0029580025
0.0015954921
0.0016871964
0.0014948451
0.0011973936
0.0011280768
0.0011319283
0.0010555595
0.0009951892
0.0009125237
0.0010002098
0.00090763957
0.0010467282
0.0011282009
0.00111222
0.0013779858
0.0014047412
0.0017688812
0.0021168443
0.0020073394
0.0031264592
0.0031486796
0.0038930324
0.0043427944
0.0046694465
0.0056511424
0.005526942
0.00417493
0.0061294064
0.0065035517
0.004700616
0.0057338257
0.0063499752
0.0064449017
0.0048528677
0.004270596
0.008032914
0.004436694
0.0039853808
0.0045206742
0.0062409076
0.0056354413
0.0035723653
0.0048377914
0.0040095164
0.0027302748
0.0031341503
0.003399291
0.004167756
0.003764682
0.0050756065
0.008058609
0.005812493
0.0074334727
0.014918306
0.025661226
0.041390605
0.031604927
0.050578564
0.072316796
0.056060314
0.059589572
0.09510695
0.07806259
0.053508528
0.07899063
0.09817951
0.07054149
0.069956265
0.052535083
0.07597357
0.045937423
0.04464366
0.045902684
0.036925767
0.0347181
0.035003237
0.036366
0.03398674
0.03673975
0.057059925
0.057783823
0.034643453
0.042439625
0.03700808
0.036905557
0.026188394
0.035361916
0.021269755
0.017492725
0.01580209
0.013085088
0.010142363
0.011589483
0.016727291
0.014019456
0.011202201
0.012770816
0.012897997
0.01081172
0.0070029567
0.0076736445
0.0068499027
0.0045694937
0.006671067
0.0059670447
0.005517183
0.005483647
0.003981674
0.004637235
0.0050214548
0.0050514955
0.0056490204
0.0036573661
0.0044947574
0.0034698443
0.0032218625
0.0042287293
0.0026739927
0.0035585754
0.0027566757
0.0021216997
0.0017803649
0.0017898679
0.0016847485
0.0020719732
0.0017772847
0.0018553223
0.0017576672
0.0019777864
0.0022323478
0.002294554
0.0021865552
0.0027619621
0.002511558
0.0034463266
0.0032747702
0.0046752235
0.0058838264
0.005956324
0.0064205057
0.0056151887
0.0073136124
0.009227022
0.0080548525
0.018692335
0.018910594
0.017062007
0.018899346
0.027762052
0.034339126
0.040322512
0.033631433
0.049091026
0.04288521
0.042236526
0.04111922
0.062781215
0.05838283
0.048510373
0.040989242
0.047753345
0.034181923
0.051528003
0.048528403
0.10477733
0.06419335
0.06440699
0.0824411
0.054199245
0.0480295
0.041633356
0.042813655
