0.009673765
0.019080695
0.013417482
0.01085174
0.014775847
0.013260984
0.012554789
0.015113201
0.017417682
0.013825361
0.017291198
0.014382701
0.015389239
0.019872125
0.019260831
0.02881928
0.044183966
0.028949289
0.046861332
0.04938581
0.06775969
0.058829814
0.074200734
0.06502421
0.06678755
0.05762494
0.07141891
0.03858287
0.047935426
0.032926135
0.029050058
0.023476593
0.019838588
0.019234646
0.01199398
0.011872633
0.021567114
0.0112825185
0.01851906
0.023091942
0.014943793
0.009351953
0.012455365
0.01013573
0.0070982734
0.005783585
0.0059879147
0.006448524
0.004631406
0.0037543718
0.0024016863
0.0026113135
0.002055167
0.0021758263
0.0017676557
0.001692794
0.0018634782
0.0017281938
0.001857135
0.0018488617
0.0016681651
0.001938264
0.0018160647
0.00194127
0.0023211332
0.001974849
0.0023310226
0.003968129
0.003328669
0.0038180288
0.005878908
0.00855097
0.007956641
0.012322009
0.014736954
0.019600958
0.019508159
0.017881377
0.012211877
0.018232388
0.015393386
0.015352412
0.019566983
0.022925701
0.025186509
0.028051846
0.059625976
0.0834318
0.106119104
0.11788415
0.096738115
0.13388911
0.13391615
0.13589443
0.16348894
0.17719671
0.09144665
0.12778366
0.11161262
0.17536306
0.09748542
0.27122816
0.113920696
0.13773814
0.18896192
0.1523237
0.14278604
0.139524
0.19473691
0.14049551
0.17429441
0.21844466
0.17297168
0.09168635
0.11624072
0.23216482
0.16356666
0.18156236
0.38239303
0.8620501
0.368917
0.64421827
0.63206667
0.7996777
0.6348495
0.5217019
0.8218553
0.7004643
0.38870972
0.14097434
0.6233458
0.31981435
0.16416875
0.06564653
0.118388236
0.07214852
0.07901107
0.069881536
0.07623164
0.035204235
0.10935868
0.10343405
0.0801605
0.08014144
0.71533436
0.27645573
0.29379797
0.3801354
0.31494167
0.15855113
0.1338612
0.14189878
0.17664947
0.0750123
0.0707759
0.0635056
0.08101123
0.102338165
0.064420104
0.099696994
0.06474008
0.076736756
0.049317352
0.13021007
0.129926
0.13330051
0.15882887
0.073442414
0.106258176
0.17740335
0.18558432
0.09396673
0.11305554
0.13611038
0.15735626
0.079805054
0.099278554
0.12708549
0.19757086
0.07189729
0.22531144
0.19300361
0.1501809
0.14482218
0.27928305
0.15344481
0.2759492
0.23856094
0.21587496
0.14384936
0.12325365
0.23138236
0.10255837
0.100987665
0.24710134
0.09571331
0.09012185
0.144586
0.22603884
0.18744478
0.13219911
0.15950134
0.45310193
0.2633727
0.20597939
0.27252343
0.3908397
0.119068064
0.07490521
0.15880455
0.21882667
0.04571015
0.08073154
0.07585726
0.044080697
0.01599573
0.029711338
0.029690051
0.00630481
0.0063148285
0.012556793
0.004343945
0.0032030297
0.0041083856
0.0024263682
0.0016190329
0.0014519679
0.0015127654
0.0014525335
0.0013095096
0.0013069671
0.0015080264
0.0013178098
0.00146063
0.0015749654
0.0013174169
0.0017549836
0.0018584225
0.0015096334
0.002258406
0.0037457177
0.002544127
0.0023342206
0.0023641775
0.0023584813
0.0015827918
0.0019416912
0.001974633
0.0016509229
0.0020278126
0.0021975657
0.0020714812
0.0021296334
0.0026105882
0.0025331334
0.0034554193
0.0028180694
0.0029871785
0.0028527363
0.0034237516
0.0031234112
0.0030017446
0.002893513
0.0028998456
0.0030241364
0.0025917138
0.0039566434
0.0030973859
0.0037333851
0.004115071
0.004926632
0.0030969735
0.0042455588
0.004074984
0.0038647293
0.007444401
0.007696984
0.006595624
0.005374324
0.0057563973
0.0082108425
0.005407467
0.005679686
0.009221278
0.008079669
0.011342818
0.0116867125
0.008166331
0.01303207
0.015568665
0.008206635
0.014782414
0.019266073
0.033934336
0.014301891
0.02752833
0.01733248
0.017018829
0.033532776
0.059830293
0.10609784
0.06274444
0.058536302
0.07587663
0.06119276
0.077263564
0.09305125
0.09334444
0.0773745
0.13278812
0.1292695
0.091845915
0.10138017
0.078495584
0.11050609
0.062851176
0.06834077
0.05914636
0.054630782
0.0487638
0.05421
0.05212125
0.0510151
0.061029073
0.068312414
0.072865635
0.043020602
0.059153114
0.05708934
0.045284916
0.037032235
0.043657523
0.041257348
0.035187285
0.035924315
0.030018412
0.03220847
0.028533919
0.042749666
0.03993821
0.042666286
0.042749334
0.037828747
0.03809844
0.032133065
0.028844835
0.028672198
0.027921908
