0.006470227
0.011866975
0.009311913
0.008340699
0.012599961
0.01228854
0.016355848
0.017568849
0.019898761
0.015123397
0.016023064
0.014042901
0.018295152
0.021562837
0.017423904
0.027727334
0.040018093
0.030892065
0.03836445
0.036778383
0.052544046
0.034205623
0.033638265
0.03556387
0.03592977
0.04097985
0.025339635
0.016397893
0.015373119
0.008114667
0.0065985797
0.005652273
0.0042014895
0.005029476
0.0033827736
0.0032677709
0.0032505628
0.002461187
0.002368507
0.002041171
0.0018506505
0.0014698019
0.0019319593
0.0017249458
0.0022162008
0.0030490132
0.0025518613
0.0030219522
0.002922377
0.0027670958
0.003172131
0.0028985578
0.002595307
0.0026136404
0.0033656
0.0026931344
0.0040378147
0.005771711
0.004260607
0.0043723574
0.0032697562
0.004715345
0.005231955
0.0028269095
0.004230559
0.0033328447
0.0033037816
0.0039012714
0.0040965877
0.004268731
0.0034739196
0.004635844
0.0044176965
0.003001913
0.0039145187
0.0025739477
0.0027908192
0.002886733
0.002906771
0.005087041
0.0045831264
0.0047076666
0.0075126328
0.008257817
0.025507167
0.044524573
0.042108454
0.06872389
0.0705706
0.085493505
0.10946466
0.07575115
0.17233707
0.17330872
0.11183291
0.15681118
0.17423029
0.2237142
0.12391927
0.33085278
0.21639305
0.1397254
0.17035194
0.2014033
0.23547499
0.11748091
0.18292108
0.2658494
0.14939941
0.17331824
0.1692591
0.18725853
0.057655998
0.15557052
0.13406236
0.22997425
0.30550668
0.8053646
0.47298774
0.71391356
0.57560295
0.7993481
0.6578687
0.4603988
0.8198605
0.7313297
0.4654311
0.19739667
0.69174945
0.51900077
0.2988558
0.1312845
0.1736016
0.090067156
0.10996084
0.07304808
0.105660684
0.029481797
0.10021559
0.08099333
0.12695843
0.060577184
0.61005014
0.31449214
0.19084582
0.26516506
0.19447647
0.10728526
0.06658086
0.074532405
0.06610075
0.05313095
0.03955818
0.049697906
0.06431067
0.10069539
0.061515704
0.15427627
0.0855706
0.1270141
0.04415198
0.20418198
0.19121255
0.14718702
0.11620175
0.079641044
0.12438286
0.14713366
0.23924474
0.12486557
0.17764838
0.23893711
0.26530644
0.22076595
0.22990252
0.22612734
0.21951373
0.10070428
0.26346192
0.1762745
0.13283911
0.1225998
0.27320686
0.12675379
0.16555868
0.116333865
0.12145166
0.09068542
0.06568977
0.07904528
0.14976178
0.12200433
0.13093196
0.08723647
0.10007135
0.10784651
0.12645233
0.12144786
0.10780305
0.120664224
0.20056479
0.076817974
0.09072407
0.09191546
0.075976096
0.052412417
0.035613786
0.0453352
0.040550828
0.02049895
0.02760591
0.030561926
0.023341235
0.011977
0.016117493
0.019866275
0.011895143
0.008194561
0.00833376
0.0068380465
0.003980362
0.005027748
0.0047557754
0.003413525
0.0031030127
0.0029428266
0.0027817304
0.0021878965
0.001776307
0.0021036193
0.0025536108
0.0023197918
0.003212689
0.0035362726
0.002320452
0.0030322918
0.005235396
0.0035789385
0.0028041012
0.0039166873
0.004627919
0.002212125
0.0016221344
0.0014401375
0.0015406111
0.0011262498
0.0009885516
0.00097109715
0.0010194383
0.00092233444
0.0009938731
0.0009252958
0.0009580316
0.0007457436
0.00071939075
0.00072409806
0.0008562775
0.0011431919
0.001114982
0.001224687
0.0017179667
0.002063043
0.0013977194
0.0018997354
0.0041491077
0.0034365652
0.0045209792
0.0048366366
0.007328653
0.0071502053
0.0050558997
0.007565711
0.0037199392
0.0049140276
0.008064745
0.005619472
0.0069447747
0.007372027
0.010631611
0.0070089833
0.0052077915
0.009321956
0.00749908
0.007863683
0.0083806235
0.012682056
0.020889705
0.012219967
0.006840145
0.012719253
0.015922142
0.008417072
0.019022921
0.03654294
0.021496547
0.0095409565
0.023161381
0.011004195
0.010794048
0.024319699
0.045555335
0.059846114
0.027648285
0.03854703
0.06554275
0.03594543
0.043483254
0.06431055
0.06678908
0.05208211
0.067654915
0.09559502
0.05694827
0.053314548
0.039445486
0.057013843
0.029071113
0.020451955
0.023496693
0.015447823
0.013491922
0.011675857
0.012505183
0.010853895
0.01359616
0.01878283
0.026996436
0.009747043
0.013290191
0.012149533
0.015182432
0.008135733
0.0064925775
0.0065417527
0.0053849225
0.0039093234
0.0033469032
0.0032715783
0.0032516737
0.003960419
0.0045366655
0.005079015
0.0040420955
0.0034259146
0.0036241212
0.0043959017
0.0048207687
0.0037540367
0.0045408886
0.006854718
0.0067328294
0.005693822
0.006361843
0.005856842
0.0048398213
0.005178946
0.003734368
0.0033461144
0.0031843102
0.0035103974
0.0024631512
0.0018334481
0.0015377678
0.0015121729
0.0013603709
0.0012664143
0.0014433269
0.0014322993
0.0013004179
0.0013477382
0.0011832973
0.0012993353
0.0011588566
0.0011454375
0.0014490852
0.0020060865
0.0020008963
0.0031470817
0.00394279
0.005684481
0.0048346957
0.0072966027
0.008997623
0.008210275
0.008481016
0.011996546
0.018368106
0.017660232
0.026509264
0.033454068
0.026070464
0.035536878
0.03945488
0.042366765
0.038428787
0.044060566
0.035793833
0.03104423
0.02687528
0.029430322
0.022649037
0.027325874
0.025915422
0.020836277
0.017476546
0.020997552
0.018575698
0.021334214
0.019025955
0.028742252
0.032076035
0.027740514
0.034162063
0.027067605
0.028985152
0.027687524
0.02923459
