0.006270738
0.010716851
0.008331653
0.0058976403
0.0066679996
0.0062861363
0.0072468496
0.008268047
0.010453414
0.009422038
0.009283061
0.0077290665
0.008589139
0.010397824
0.012324469
0.015732383
0.032385726
0.019178316
0.03132187
0.046613727
0.07423766
0.05941487
0.095232055
0.08655894
0.061732043
0.049187668
0.064651355
0.03398278
0.036199354
0.036928955
0.027449932
0.023462385
0.019287366
0.014827454
0.011947474
0.008477753
0.009390492
0.004625457
0.0040007094
0.0031579067
0.0037556172
0.0027018378
0.0027687186
0.003907157
0.0054606497
0.003995051
0.0050886166
0.0071050883
0.005048879
0.004113651
0.0055859266
0.00450866
0.0041593695
0.00310672
0.0030554803
0.0023265912
0.0017523409
0.0020812973
0.0023594564
0.0021776678
0.0029051793
0.0021886972
0.0026339127
0.0018451228
0.0021354174
0.0024768126
0.0026928922
0.0027657435
0.0032866672
0.003946104
0.0062474287
0.0059258034
0.01352896
0.009330147
0.011939478
0.0073936577
0.008539521
0.006866561
0.006967691
0.0065856776
0.0109496005
0.012191301
0.017366525
0.02918183
0.043640565
0.050261777
0.08087731
0.072951786
0.0915023
0.09960775
0.08598739
0.13158946
0.16630925
0.08066593
0.16167624
0.14590345
0.19685504
0.10776055
0.22785452
0.08955887
0.16826986
0.13899356
0.10483084
0.11278615
0.09492526
0.15506145
0.13624232
0.13248259
0.21395163
0.18629362
0.1913493
0.26686975
0.2108745
0.23685956
0.32312533
0.7466978
0.57763475
0.6951718
0.5784843
0.6924995
0.42895457
0.41254324
0.7979062
0.63661593
0.37718174
0.13005488
0.6165993
0.2871298
0.213
0.09428354
0.16088122
0.07499151
0.11478177
0.15608603
0.15084367
0.045194123
0.0948565
0.16191892
0.058227405
0.09110273
0.69974804
0.23813663
0.14150582
0.33357552
0.32048112
0.15304416
0.08329541
0.09894896
0.15157671
0.099801175
0.05731994
0.06568843
0.112789206
0.121601716
0.06890388
0.15389127
0.096389875
0.13555498
0.04127448
0.14268698
0.09986563
0.22649178
0.09995271
0.078961775
0.115523696
0.21638863
0.15833461
0.09969254
0.1578409
0.14791276
0.17478223
0.2142825
0.20949678
0.20266321
0.22351761
0.09843722
0.19317897
0.14036602
0.13086994
0.09106768
0.14261115
0.12653422
0.1803382
0.104051545
0.3009489
0.17330892
0.13671635
0.28685826
0.1881884
0.28444773
0.325091
0.09964043
0.1512513
0.20055033
0.19798566
0.15813844
0.12349072
0.15301222
0.295517
0.15437455
0.14163926
0.2541067
0.07818577
0.1036389
0.10816662
0.1264736
0.06486055
0.046532717
0.08590676
0.06568727
0.026747774
0.0143904975
0.028520282
0.015944121
0.010195928
0.013627834
0.0156515
0.0064463094
0.0070051183
0.006319609
0.0025972717
0.0021721646
0.0019337963
0.002257366
0.0014516803
0.0012359334
0.0016020943
0.0015914759
0.001962499
0.0019006967
0.0020023468
0.0015227956
0.0018076272
0.0018878793
0.0021209044
0.002297913
0.0024006641
0.0021648523
0.0023585137
0.0024150007
0.0020344714
0.0015632102
0.0021835475
0.0016845465
0.0019679833
0.0016951663
0.0017205456
0.0015768403
0.0015229363
0.0014095246
0.0012515832
0.0013165189
0.0013316148
0.0017064486
0.00114938
0.0012790833
0.0014302642
0.0016371633
0.0013767737
0.001389223
0.0016036915
0.0014023241
0.0014079208
0.0012504583
0.0014642404
0.001991935
0.0022257005
0.0030468947
0.002893978
0.0030828114
0.003134982
0.00289076
0.0034347267
0.005257088
0.0038388877
0.0044095186
0.0047081737
0.0043745707
0.0048966943
0.0047658114
0.0049024043
0.00480915
0.005131866
0.004836345
0.0044732126
0.0041741156
0.0037920268
0.004413043
0.0038437888
0.0053993715
0.007196455
0.0071558366
0.009255639
0.0143291885
0.02534581
0.022683967
0.040206004
0.07137079
0.08996205
0.062057067
0.07683792
0.07707768
0.068452515
0.0707546
0.087496735
0.13209748
0.09469671
0.14746703
0.19502957
0.12164225
0.16133705
0.11732545
0.14842634
0.077361494
0.06880574
0.07028462
0.050890516
0.047376804
0.04673834
0.058616035
0.05021011
0.052605998
0.08562371
0.10845807
0.02849973
0.0431809
0.040276986
0.048841093
0.019060917
0.02596318
0.025448399
0.022507219
0.022303825
0.020772431
0.020454478
0.017734256
0.019802053
0.025028175
0.023089157
0.02254199
0.022916839
0.023538653
0.02317851
0.028061377
0.052250408
0.02754631
0.04084693
0.024009846
0.019735107
0.016190784
0.010635815
0.008702441
0.008281735
0.006013173
0.007761451
0.0042573353
0.0044555566
0.004199898
0.0054865084
0.0059570633
0.0037336284
0.00494531
0.0038241784
0.003992546
0.0032449316
0.002531364
0.0025973248
0.0040038
0.005950505
0.0049863257
0.007703797
0.009528591
0.0118731195
