0.008115633
0.01390287
0.010201517
0.0069935718
0.0100504095
0.008521176
0.008299782
0.0116876215
0.010829763
0.008354439
0.010468859
0.0075952737
0.010759918
0.01207375
0.016791409
0.017062295
0.035291914
0.027993828
0.026732609
0.033425186
0.052899603
0.046532083
0.053454164
0.07048955
0.07307904
0.05079364
0.05920674
0.046906035
0.04567349
0.03574323
0.059899516
0.053221848
0.032589354
0.044171304
0.050490435
0.028123843
0.029727012
0.02885018
0.024473598
0.014683931
0.011708509
0.009396229
0.0073564425
0.005989368
0.005570958
0.0053579034
0.00368967
0.003405558
0.0041231713
0.0034042539
0.004233273
0.0041767606
0.005080649
0.0037932196
0.0054870592
0.004583753
0.005717606
0.0055837235
0.0062652016
0.0081521645
0.009517216
0.014108412
0.015792957
0.015145075
0.019535001
0.026862187
0.02100116
0.020470954
0.03138733
0.019310405
0.017070303
0.013677604
0.017912654
0.082310766
0.026972683
0.07399215
0.14435546
0.10347378
0.03344491
0.087315805
0.05149152
0.01662968
0.041476205
0.035318352
0.03791846
0.01457642
0.015173295
0.026776588
0.010240846
0.020215422
0.004106907
0.004758279
0.002956574
0.0026268072
0.003128172
0.0038855895
0.0058625257
0.0062663415
0.010424097
0.030469146
0.032682616
0.04449466
0.04494859
0.055236068
0.075990014
0.08642888
0.16210996
0.1752112
0.105503395
0.178119
0.1388509
0.21708107
0.14737165
0.2533793
0.14225197
0.1504004
0.15745917
0.16634183
0.14723526
0.12870143
0.16346326
0.20034154
0.13003299
0.1640265
0.14695874
0.16671084
0.06090235
0.17557599
0.10970256
0.19338696
0.26846895
0.84909976
0.58354473
0.7831774
0.61151457
0.79209983
0.66137105
0.40907863
0.8155683
0.7237629
0.4360307
0.17964254
0.6611887
0.55710053
0.31587154
0.13255705
0.16488473
0.085531875
0.106043674
0.06650966
0.10357896
0.029100306
0.0964045
0.078720324
0.12487418
0.055993102
0.5918255
0.302123
0.18671228
0.25611562
0.18359448
0.101573564
0.06991672
0.0647421
0.0583214
0.06018109
0.037992004
0.049008947
0.06291015
0.13308397
0.061457958
0.14927484
0.09373056
0.14906913
0.05444766
0.2206798
0.33898455
0.2072482
0.25378844
0.20217216
0.1558187
0.27200186
0.30264446
0.25601184
0.17062147
0.24026571
0.22223042
0.24710096
0.18638887
0.33476484
0.28259933
0.08899566
0.38837442
0.36610764
0.18049312
0.13286625
0.65421724
0.34926844
0.39192462
0.09382138
0.51401293
0.27801603
0.09125489
0.16995057
0.19868346
0.138946
0.08567506
0.041454334
0.057407092
0.048487905
0.056287553
0.057024304
0.08633363
0.13357286
0.25718957
0.12785973
0.18065897
0.25609782
0.2721659
0.11099993
0.11452397
0.2142068
0.17588581
0.0735839
0.09263405
0.07911772
0.025166988
0.017371496
0.02611005
0.020032061
0.009973781
0.010253851
0.017871689
0.0069006025
0.0053709755
0.0053723953
0.0042871884
0.002982592
0.0019216174
0.0024473695
0.0021819563
0.0015240011
0.0013787105
0.0014213028
0.0016436933
0.0016904008
0.0019160614
0.002291921
0.0024327324
0.002798713
0.0038475173
0.0041914447
0.0032120005
0.004682858
0.005862539
0.004428794
0.0031793131
0.00329351
0.0025772194
0.0016130367
0.0014993907
0.0012070214
0.0011672943
0.0010622623
0.0011045292
0.00094585423
0.00096354005
0.00086290785
0.0009016366
0.00080616586
0.0009743409
0.0011601328
0.0012771277
0.0014132399
0.0015630124
0.0015683039
0.0020219118
0.0020624981
0.0023562822
0.002409573
0.0030662143
0.0030964937
0.0029234039
0.0027552263
0.0037084364
0.0027458014
0.0027980465
0.0045843925
0.004917174
0.0051194793
0.006217838
0.0072314213
0.0071944925
0.0055507068
0.006320387
0.0070725065
0.00910333
0.015129477
0.011232061
0.009255854
0.0115367435
0.016432246
0.008183853
0.018837271
0.025728302
0.021476608
0.010135658
0.019748654
0.010977552
0.012918716
0.023944823
0.051240396
0.09221217
0.03152607
0.0358567
0.0671424
0.036861043
0.039608557
0.046990205
0.06770368
0.05204102
0.06653329
0.08854326
0.05998227
0.057657406
0.040433004
0.054306783
0.0361949
0.029523889
0.02978884
0.015437318
0.015179237
0.010981715
0.010750107
0.008991825
0.010030162
0.0125042815
0.010718015
0.0056636455
0.0073885256
0.006481379
0.0066214274
0.0030741727
0.0033108029
0.0029500534
0.0025526187
0.0022834146
0.0022840633
0.0020266725
0.0021266867
0.003320297
0.0044397637
0.0046882797
0.0051183673
0.005029165
0.0060595465
0.0061380193
0.007261805
0.0074231047
0.0073359897
0.0076829605
0.00800888
0.007522132
0.0071132267
0.007404847
0.0049915113
0.0058079287
0.0053549306
0.0043266597
0.0034326056
0.0031599412
0.0031327726
0.0029483358
0.0031622523
0.0036831025
0.003040965
0.0035041145
0.0046727653
0.003959913
0.0035285165
0.004515752
0.00452184
0.0031716635
0.0022619877
0.0024520692
0.0026641958
0.002338204
0.0028353434
0.004261991
0.0036905517
0.0051328326
0.0056510377
0.0074633663
0.006831453
0.008164192
0.009394826
0.007238528
0.009948923
0.012781509
0.013500543
0.025477115
0.017240435
0.02135808
0.024852833
0.039649624
0.03522776
0.04298565
0.04243939
0.039137334
0.027563341
0.03059534
0.025862414
0.036535185
0.024093883
0.024366494
0.023374803
0.01972585
0.021521276
0.027618814
0.03510304
0.06014458
0.05374784
0.052589905
0.065420955
0.048328
0.04769802
0.040600896
0.039312363
