0.009271411
0.017849356
0.013795072
0.010876848
0.01617664
0.017322874
0.015982414
0.016494209
0.019140905
0.01766397
0.020723669
0.017586123
0.017712846
0.023038412
0.02978894
0.04213601
0.06262606
0.058521286
0.07094278
0.077702194
0.1025108
0.086193025
0.09185335
0.089808635
0.0889179
0.07305308
0.06838879
0.051972985
0.058706384
0.03641421
0.02878168
0.024421839
0.013959024
0.0119848745
0.009210344
0.008440138
0.011053113
0.0062800683
0.008261875
0.0073128818
0.004065121
0.002988312
0.003863268
0.004935018
0.0032446631
0.0034612322
0.0030833273
0.0029723875
0.0031233
0.0023065074
0.002528303
0.0020687918
0.001964984
0.002114229
0.0019827604
0.0016639021
0.0017090547
0.0021311217
0.0016308856
0.0014365339
0.0013506312
0.0015583186
0.0015963659
0.0016015368
0.0014962486
0.0015249032
0.0021942433
0.0021048929
0.0021398845
0.0025829107
0.0032232562
0.0033390105
0.005173726
0.005886407
0.0053198272
0.00643387
0.0070346044
0.009506821
0.0093598375
0.010247088
0.010942885
0.013552775
0.013782272
0.013443228
0.040915567
0.0718208
0.10951588
0.1129091
0.08651506
0.11238882
0.12729833
0.11263694
0.20238298
0.20385148
0.12117114
0.18199374
0.16363636
0.21014556
0.122702695
0.20997193
0.23156866
0.15264362
0.14408922
0.15181357
0.19618073
0.12601285
0.19256635
0.1566033
0.17046362
0.16526556
0.13549952
0.11093204
0.074239105
0.16158171
0.107416056
0.13128775
0.26568735
0.8116091
0.55310166
0.694033
0.60924584
0.7627099
0.43814301
0.42006958
0.82541716
0.6682021
0.33718234
0.15173627
0.6382816
0.5364505
0.32670498
0.13083358
0.18296818
0.10058499
0.121583246
0.108631365
0.09239654
0.047406703
0.16551024
0.14317432
0.13479124
0.088253945
0.64475083
0.26611868
0.1472315
0.26376235
0.17259397
0.07750758
0.045984633
0.061107133
0.05161426
0.042726137
0.030902844
0.04189864
0.049737554
0.09039048
0.055554055
0.13125157
0.06473234
0.12015816
0.040833127
0.15719338
0.09879055
0.2276732
0.10724069
0.06807381
0.09630914
0.14216533
0.11332272
0.08560572
0.14702672
0.1463316
0.15923287
0.23564205
0.16744031
0.18318315
0.18201062
0.05854105
0.14917505
0.12624711
0.10489685
0.06971123
0.140055
0.12043248
0.1624717
0.07111076
0.22316726
0.16009684
0.08393888
0.15000023
0.16863969
0.14171949
0.1433118
0.12182641
0.09137351
0.1221838
0.15760875
0.15086652
0.1216529
0.14939724
0.3403678
0.15235846
0.18939823
0.28121117
0.30171102
0.10989664
0.07217362
0.120721795
0.06752207
0.036573775
0.060957137
0.06256104
0.026405495
0.018807938
0.03026402
0.020602128
0.008957549
0.0101258075
0.015752036
0.0046996237
0.0039332043
0.0054188883
0.0020795343
0.0015568489
0.0013080282
0.0012743566
0.0010435669
0.0008327993
0.00090563326
0.00091617665
0.00095265365
0.0010514886
0.0012438145
0.0012862631
0.001532771
0.0017136697
0.001602073
0.002398704
0.0035509262
0.0028400535
0.0023104642
0.0027715387
0.003030744
0.0018947672
0.0012388368
0.0010961196
0.001061985
0.0009972203
0.0009457303
0.0009175237
0.0009208868
0.0009304038
0.0009098241
0.0008882754
0.0009022214
0.00086914084
0.00077317754
0.0008464161
0.00075588445
0.0008794235
0.000940029
0.0010819946
0.0011496592
0.0010382225
0.0012930539
0.0017256719
0.0018349236
0.0023746486
0.0029506118
0.003341568
0.0046368805
0.004687988
0.0041620955
0.0040492043
0.002825927
0.0039061145
0.004918005
0.0035906467
0.006367392
0.006342455
0.006506634
0.005476495
0.00617232
0.008262176
0.005566215
0.0062883883
0.0075433813
0.0077878614
0.012418644
0.0075714523
0.006618581
0.007829275
0.009414097
0.005979678
0.010921395
0.01516063
0.012415083
0.005724566
0.012556432
0.008417434
0.008602703
0.017232519
0.045914274
0.08467762
0.026768785
0.035522792
0.06462977
0.041709203
0.042314447
0.07686296
0.065355524
0.06375931
0.09337194
0.12023432
0.06279709
0.09234485
0.06339456
0.09018333
0.04784265
0.04898044
0.051343672
0.039191846
0.03960469
0.04226273
0.049698513
0.04247991
0.053001523
0.06440647
0.08990187
0.029340003
0.03461269
0.03271145
0.04334092
0.027285106
0.036468156
0.029106587
0.020653259
0.018965932
0.015937561
0.014159301
0.0076201647
0.013560879
0.011935338
0.011553972
0.009395213
0.012161403
0.010429381
0.009831619
0.011502157
0.011064269
0.010064661
0.014640874
0.014041613
0.010958502
0.009117652
0.010006161
0.0106382985
0.006422182
0.0104405135
0.0066114897
0.0061226212
0.0050896355
0.0040506967
0.003827188
0.003267426
0.003650256
0.0027125024
0.0023295681
0.002558767
0.0021227268
0.0026154474
0.0026986753
0.0024384756
0.0029503943
0.0034218195
0.00248778
0.0022168823
0.002912476
0.0027209115
0.002264557
0.0023117121
0.002551274
0.0029016437
0.002612604
0.0023209464
0.0022813743
0.0029566514
0.0037947677
0.0036380584
0.0042467923
0.0065874346
0.007230607
0.0077404217
0.01286907
0.016777607
0.014530573
0.022025844
0.038064588
0.028464014
0.045187768
0.05248185
0.062177453
0.051836208
0.050320297
0.0581656
0.043861505
0.026593218
0.022353154
0.020265397
0.013593552
0.008279957
0.009169562
0.007141007
0.0032831454
0.0035282264
0.0029796697
0.0028245703
0.0024217996
0.003865001
0.0046165697
0.004351227
0.004715186
0.0052168607
0.0050600343
0.006688364
0.01140238
0.013364204
0.016055167
0.018889736
0.024688283
0.031062078
0.0260988
0.024623612
0.021168454
0.032018643
0.03500188
0.041684892
0.044642095
0.056867864
0.054835353
0.046742376
0.040509295
0.04134388
0.036574986
0.035061892
