0.0057460032
0.008367798
0.006864896
0.0058481917
0.008380699
0.011987721
0.018462973
0.017380249
0.014346104
0.012653555
0.015647152
0.016024312
0.018511029
0.024093997
0.032125667
0.04899317
0.0566885
0.03837888
0.06695729
0.07634038
0.08330081
0.081912994
0.11425632
0.12921183
0.1606602
0.15997574
0.1740364
0.13230671
0.18033957
0.22392651
0.17781363
0.13137129
0.097132206
0.052015845
0.06909406
0.031960346
0.040509053
0.031944033
0.015577233
0.019935668
0.01877597
0.009451607
0.013048548
0.0053423387
0.009702798
0.00491244
0.0039343494
0.004419425
0.00496257
0.0048807575
0.005418963
0.0048158206
0.006386735
0.0050732307
0.0064291502
0.008104989
0.0077496353
0.007815412
0.0078046373
0.005636983
0.009400953
0.0070496122
0.010014464
0.012379447
0.012710969
0.017198432
0.021534564
0.05996213
0.07467722
0.06595455
0.112846114
0.09122042
0.12464333
0.13789941
0.11678689
0.13868283
0.15889643
0.10404879
0.12402168
0.10277687
0.1447097
0.09009843
0.1460405
0.081019394
0.10342314
0.13379763
0.14911518
0.16217828
0.11729765
0.19887841
0.30553776
0.16840799
0.21246961
0.25487798
0.2220003
0.102464
0.2506725
0.17420658
0.2578939
0.36586136
0.85514665
0.59117496
0.72645414
0.6391518
0.8075808
0.5307864
0.44936302
0.83132666
0.6940559
0.42180088
0.17880912
0.65167177
0.57254595
0.3170672
0.118969664
0.13325435
0.079021715
0.08703239
0.059747104
0.06536879
0.03035535
0.09893835
0.07677967
0.09629815
0.057652213
0.5802833
0.2736279
0.13462164
0.26016256
0.2023044
0.10032622
0.07457239
0.09267206
0.07621143
0.060459524
0.041681692
0.05248431
0.06314762
0.093574986
0.06734134
0.14357403
0.07953112
0.13244818
0.055227842
0.18691626
0.115487404
0.22644486
0.12496393
0.12129796
0.10350714
0.14330913
0.1574271
0.10200106
0.13420808
0.14907569
0.19136876
0.17873713
0.16947655
0.22574346
0.19358225
0.08232661
0.17112194
0.122353435
0.092055455
0.06399228
0.14709486
0.100605
0.1472825
0.09972713
0.19974288
0.10717458
0.12642126
0.21084058
0.20576182
0.121439174
0.17807657
0.084187225
0.08370108
0.14172417
0.18366744
0.17352274
0.12395396
0.13983253
0.23280013
0.09646967
0.13082768
0.15845999
0.13863628
0.08237216
0.06982691
0.0999319
0.08331295
0.04509918
0.072221145
0.06154054
0.052659094
0.025758753
0.029275201
0.03219064
0.02350735
0.01831355
0.01770432
0.01661671
0.007197276
0.007355475
0.005238208
0.002809744
0.0025072144
0.0020454943
0.0019535813
0.0015491991
0.0012106143
0.0013393608
0.001335916
0.001444786
0.0014090401
0.0016610902
0.0018303669
0.0021132706
0.0026938885
0.002689792
0.0030299746
0.005254413
0.004128863
0.0034061102
0.0047820797
0.0073288223
0.003941425
0.0024547917
0.0027645784
0.0027354094
0.0016488801
0.0018990717
0.0016559014
0.0013984897
0.0011927992
0.0013943205
0.0011671714
0.0010939967
0.0011342836
0.0010423736
0.0009405616
0.001110001
0.0010989928
0.0011054007
0.0013534004
0.0014750325
0.0018600613
0.0018321805
0.0024307186
0.003095873
0.00323056
0.004520983
0.004590535
0.005011511
0.0052292557
0.004293566
0.003873994
0.0053378353
0.0052927136
0.004386027
0.0058034644
0.006074608
0.0058950125
0.0047442988
0.0063395733
0.007996164
0.0061128656
0.0050770347
0.0052453238
0.0074385023
0.0061137173
0.0076931934
0.007358647
0.008750135
0.0063659316
0.00550649
0.012890162
0.016908389
0.013199834
0.014798381
0.027513592
0.022806717
0.024017457
0.050749294
0.09432341
0.14697662
0.077228114
0.121577226
0.1564384
0.08277507
0.105189666
0.122051455
0.105859205
0.07740766
0.098869324
0.100437075
0.07698912
0.07090524
0.05552249
0.07307976
0.042002954
0.035009664
0.03339585
0.022871697
0.01848676
0.015495257
0.017383417
0.015815934
0.017027639
0.025845675
0.026782652
0.015241949
0.019856695
0.020960698
0.01707071
0.009685289
0.011608764
0.009130645
0.0065011154
0.0074393074
0.009027742
0.0072868867
0.0062890286
0.008456663
0.01173503
0.008823899
0.009838264
0.011426465
0.010348453
0.008797402
0.008868555
0.0107311625
0.006048483
0.0074549504
0.0059547876
0.0059647285
0.004788884
0.0038751096
0.0037225895
0.0031304238
0.0026515822
0.0026663407
0.0025092068
0.0028027561
0.0035753725
0.0031880839
0.0034787199
0.004094872
0.0050894544
0.0040299026
0.004399292
0.0048910514
0.0039544343
0.0039830892
0.0036519852
0.003344825
0.0028404722
0.003126251
0.0034140702
0.003444709
0.003121927
0.0026053651
0.0027192286
0.0024722682
0.002882439
0.0028329028
0.0037250374
0.0044720042
0.0054333145
0.0077131195
0.007523306
0.008107366
0.010840485
0.014481194
0.02496154
0.013501
0.03671511
0.03408967
0.050848592
0.04533157
0.05685723
0.046552926
0.039786335
0.028847279
0.04071943
0.030701362
0.023559269
0.016896417
0.016882505
0.013741247
0.008563126
0.013829438
0.01211437
0.010266286
0.009400961
0.012787847
0.0092368955
0.010763599
0.014657697
0.01662073
0.018504567
0.017351363
0.02403859
0.023743937
0.021487886
0.021609414
0.030813677
0.032726873
0.04162324
0.036456443
0.047572702
0.056044117
0.07685075
0.12231822
0.13427399
0.13434531
0.15901613
0.15894091
0.14453325
0.16807094
0.25003284
0.26403
0.18590617
0.14614975
0.19182087
0.24987501
0.2377518
0.26599172
0.19085792
0.23783101
0.243086
0.12925403
0.19517902
0.26427367
0.15156472
0.18946195
0.1932491
0.20474401
0.15083314
0.14234227
0.16283922
0.1901205
0.16965678
0.16059034
0.16588026
0.19361752
0.14908206
0.12102404
0.115980566
0.10409355
0.08641649
