0.0026217252
0.0037214116
0.0034064322
0.002560011
0.0030364608
0.0023628732
0.0029881713
0.0030229595
0.003949267
0.004244359
0.0053432207
0.0051766397
0.0060673403
0.007990972
0.008879324
0.016639147
0.02621615
0.021868432
0.03816089
0.060042337
0.07745426
0.07011207
0.094502345
0.1042452
0.085731104
0.06910907
0.076625824
0.037800036
0.04312841
0.03107826
0.02137584
0.0127171865
0.021446215
0.013871969
0.011237501
0.012448323
0.015390813
0.007559309
0.008612893
0.0064797117
0.0054514688
0.00426758
0.0041021337
0.005883843
0.006771633
0.0054425984
0.003321847
0.0042602792
0.0033219904
0.0025465726
0.002576447
0.0021516923
0.0022308275
0.002640368
0.0025803838
0.0023763776
0.0025355574
0.00396471
0.002860545
0.0035907712
0.003651607
0.004523072
0.004883424
0.0038584487
0.0031996428
0.0041242545
0.005060815
0.005232958
0.008093286
0.0060901516
0.005748023
0.0034955982
0.0043550674
0.0035799744
0.0032052596
0.0029367497
0.0030215182
0.0031407587
0.004191351
0.0071066935
0.02626914
0.030234182
0.05193959
0.057054903
0.059135806
0.068365514
0.070751876
0.123945855
0.15589258
0.1040551
0.1756096
0.12019377
0.24180977
0.1361184
0.20168413
0.074907966
0.19356464
0.19716889
0.12789372
0.10479909
0.12352429
0.1618559
0.12938583
0.12580286
0.18320143
0.0958503
0.12913519
0.21738037
0.114871636
0.15715738
0.26653436
0.801324
0.45040706
0.67022216
0.6446376
0.75142366
0.32186013
0.39808854
0.82074416
0.6713937
0.42138758
0.15975296
0.66826224
0.54281425
0.2374247
0.11572009
0.23848806
0.112574175
0.118436806
0.16118193
0.23615417
0.08534328
0.17069787
0.4067458
0.13255326
0.10763412
0.66376925
0.26932994
0.15200442
0.25916892
0.22464615
0.113480344
0.059446346
0.07075852
0.10948768
0.071297795
0.04244924
0.047958933
0.0719338
0.1008388
0.060599055
0.13515894
0.08192616
0.12089366
0.03715718
0.15107448
0.09035112
0.22794561
0.106617264
0.0807015
0.11212095
0.20367384
0.15169215
0.08528705
0.14380738
0.14364152
0.16977358
0.20986748
0.21005288
0.17137791
0.20203337
0.08832562
0.15747079
0.099672176
0.106763735
0.08759711
0.135684
0.09368371
0.12623638
0.07265598
0.22076623
0.115548305
0.082086325
0.22392026
0.10489829
0.17318507
0.18917383
0.06661451
0.10737791
0.100837275
0.11798888
0.06946283
0.08376626
0.119531505
0.24766023
0.095314614
0.12732777
0.20175675
0.31611001
0.11536749
0.07304874
0.14181729
0.1067542
0.04096833
0.061430883
0.06614294
0.02093756
0.009324022
0.021413606
0.015340494
0.008279271
0.013826239
0.026085824
0.018216135
0.011550803
0.017270701
0.0073238323
0.005180863
0.0037826085
0.0035934746
0.0020525076
0.001859409
0.0020439413
0.0020972486
0.0016974322
0.0014779401
0.0013887448
0.001380778
0.0013213161
0.0012667025
0.0013349035
0.0013581818
0.001458859
0.0012476125
0.0014486995
0.0016501128
0.0016901682
0.0012970114
0.001231166
0.001178471
0.0011976133
0.0010053349
0.0011189061
0.0010637094
0.0010440438
0.0008919609
0.0010698977
0.001032495
0.0008778391
0.0010759123
0.0011797795
0.0011341636
0.0008769517
0.0010216706
0.0012422659
0.0010108087
0.0013063181
0.001281715
0.0012796426
0.0011708122
0.0015078326
0.0021673888
0.0023090194
0.0038835504
0.003954436
0.0050065177
0.005058196
0.0051715616
0.0055699437
0.0068239355
0.006944502
0.006892104
0.008064547
0.008465304
0.009957024
0.008545652
0.009239327
0.017631087
0.011547951
0.011883995
0.008801336
0.008498219
0.005842467
0.0064483257
0.0079145515
0.008893697
0.008164426
0.0072380183
0.00862638
0.008298439
0.010095337
0.011144581
0.013415058
0.01770184
0.03342163
0.025678303
0.028900709
0.028760254
0.033030223
0.036096398
0.035947777
0.037134074
0.031689964
0.04845316
0.064250015
0.042827785
0.05064734
0.044233996
0.0613654
0.04413371
0.041502014
0.045443237
0.03561369
0.031967368
0.035951376
0.038104206
0.035163574
0.039640855
0.060841944
0.070193976
0.03500715
0.04790353
0.043738145
0.044982664
0.027597284
0.03245708
0.024401817
0.015075333
0.016875511
0.013247987
0.010991182
0.012046972
0.011185702
0.016186075
0.011947148
0.009953753
0.012552826
0.013287428
0.011228386
0.010875919
0.020494297
0.014405064
0.014743152
0.00989584
0.0113169495
0.0078150565
0.0067725345
0.0051637907
0.0046093054
0.0025509682
0.0031210217
0.0022141049
0.001849947
0.0015983704
0.0020117708
0.0028061005
0.0016001841
0.0024267663
0.0020701392
0.0025787128
0.0025490809
0.0028630146
0.0027833183
0.004815341
0.0077244053
0.006525253
0.0074243937
0.007791116
0.01084296
0.018842816
0.01417587
0.019107793
0.021464657
0.021094784
0.018021846
0.020110665
0.017661737
0.019482609
