0.008089811
0.01581143
0.010931614
0.008729744
0.013279165
0.009337099
0.009486336
0.012163608
0.012852588
0.010197468
0.0127931265
0.010432634
0.013276836
0.017465014
0.018589448
0.030449286
0.04026148
0.036818035
0.04884269
0.06249994
0.08302814
0.07385156
0.092165716
0.08070352
0.06698321
0.06345127
0.061720848
0.03455033
0.04153
0.03619202
0.028123764
0.01891034
0.017159902
0.014967172
0.010690031
0.007862864
0.008069927
0.0044377325
0.0035495225
0.003414234
0.003284734
0.0027463732
0.0020195579
0.0025593538
0.0023212282
0.001764526
0.0013715214
0.0014530537
0.0012066737
0.0012488996
0.0011247365
0.0010566104
0.001153303
0.001175293
0.0010394824
0.0011324196
0.0011283874
0.0010643227
0.0009908006
0.0009645646
0.00095254387
0.0010451219
0.001027915
0.0011074571
0.001228101
0.0011860525
0.0018329753
0.0022877792
0.0037935313
0.004114593
0.016927859
0.04587842
0.054036316
0.06191912
0.053122964
0.07570903
0.094459064
0.09156368
0.1788752
0.17744374
0.094024435
0.13055292
0.15608643
0.20455146
0.09892274
0.21475472
0.18205798
0.14376758
0.15498255
0.15328196
0.15753353
0.1285671
0.18821104
0.15759577
0.17459963
0.18257678
0.16976109
0.20040935
0.16785553
0.16018218
0.15474777
0.20424883
0.17881568
0.28076395
0.27583364
0.25261796
0.12294447
0.35529035
0.29625246
0.25352022
0.528059
0.4026361
0.36597723
0.3488535
0.10818022
0.19729356
0.24395558
0.13556723
0.121473804
0.17469905
0.15805522
0.1924779
0.14166933
0.22037654
0.14955261
0.08521099
0.07678239
0.1349629
0.122823134
0.103134155
0.08692773
0.084854744
0.076527804
0.105637416
0.07644421
0.08245874
0.046955924
0.11728925
0.09971989
0.10732093
0.07930003
0.6099324
0.34153572
0.24108987
0.33430728
0.2100353
0.09940755
0.08167795
0.07706649
0.06974216
0.05782104
0.03730301
0.044897787
0.054694463
0.0867255
0.044711553
0.10125335
0.053964406
0.048753716
0.031237101
0.06496825
0.059432194
0.041133266
0.08215865
0.10171657
0.09411296
0.18944316
0.3899673
0.44603273
0.22497809
0.47310203
0.42678797
0.22848761
0.23082203
0.17742203
0.24406575
0.040275563
0.16698277
0.22301638
0.10155129
0.07445364
0.49280074
0.22143762
0.40839085
0.1614846
0.50551593
0.28175315
0.17058155
0.19623277
0.15568402
0.103591375
0.09071849
0.046149988
0.048631545
0.055065896
0.12169794
0.107967265
0.08843814
0.11261149
0.3433861
0.2068593
0.22519173
0.21730971
0.32166207
0.08550563
0.05505332
0.10072593
0.118285276
0.0265967
0.06497416
0.04194447
0.025399001
0.014023728
0.021352611
0.01683724
0.007806436
0.009233789
0.015823418
0.0077400818
0.0065534245
0.008552127
0.0048436946
0.0027725669
0.0021355373
0.0018267878
0.0012635865
0.0010620038
0.0013065845
0.001094556
0.0010974512
0.0011306539
0.0012817553
0.0012720065
0.0017239182
0.0022633958
0.0021334633
0.0028797456
0.005334477
0.004271407
0.0038962176
0.004244063
0.006451782
0.004285383
0.0022516532
0.0022901131
0.002352651
0.001719897
0.0024743092
0.001224872
0.0014271995
0.0010704034
0.0010898027
0.0010189645
0.0010092211
0.00088512193
0.00074609293
0.0007993726
0.000836209
0.00087137514
0.00094298023
0.00091246545
0.001204002
0.0012250108
0.0013875357
0.0017744901
0.002688094
0.0029328803
0.003323688
0.0034921118
0.0052278447
0.004313336
0.0037413533
0.0040737926
0.0029110902
0.003981368
0.003871108
0.003906424
0.004671785
0.0038732179
0.005598408
0.005294516
0.005417385
0.010355996
0.0061228857
0.0073537133
0.0070921457
0.0074492046
0.0077086287
0.0071685184
0.009243479
0.009035876
0.008062937
0.010058363
0.01521144
0.018755414
0.017293101
0.022839451
0.02519919
0.024384184
0.024423046
0.037544828
0.06531683
0.09519743
0.07200106
0.07222194
0.07365666
0.067475215
0.06924261
0.08260754
0.08955945
0.07087123
0.09586092
0.11448894
0.09531838
0.099081695
0.08454029
0.111318596
0.05857931
0.05108498
0.053205706
0.0427572
0.03647479
0.035584405
0.038965747
0.034473654
0.040844295
0.075129144
0.10582717
0.035288975
0.057519935
0.035993133
0.05596773
0.033279125
0.039586667
0.03880303
0.027452111
0.01617393
0.012449871
0.009544914
0.0072677922
0.00727363
0.010914639
0.008821355
0.0058331573
0.008828062
0.0103060575
0.009175282
0.008578033
0.012620231
0.012736102
0.011587095
0.012533148
0.014054631
0.014156944
0.01229339
0.011681978
0.013103223
0.007096791
0.007869075
0.0051114224
0.0045871874
0.004108462
0.003256993
0.003693225
0.0021848849
0.0021754836
0.0019856705
0.0014131819
0.0014632193
0.001282579
0.0015329871
0.0012698916
0.0013414429
0.001244851
0.0012195045
0.0010714348
0.0011788646
0.001303402
0.0013675152
0.0015368237
0.0024367778
0.0020789644
0.0031889507
0.003096703
0.0053661205
0.0058041364
0.006779675
0.00732211
0.007361455
0.011007475
0.011096726
0.014301649
0.027367488
0.021420162
0.024218516
0.02204363
0.031055382
0.024988318
0.021418273
0.020038221
0.019833146
0.016195621
0.018478077
0.017880088
0.01689933
0.017313095
0.015118534
0.016289622
0.016075067
0.019104494
0.018529672
0.015704393
0.01732578
0.016979149
