0.00944548
0.018641192
0.015247771
0.011670455
0.018364858
0.025183769
0.025425276
0.027929483
0.030197548
0.028116714
0.028871521
0.025809623
0.028111737
0.03641444
0.045195647
0.076452315
0.103624806
0.09368412
0.12135316
0.14524528
0.14993128
0.117160864
0.1313888
0.13944252
0.13607843
0.09597558
0.10421021
0.050101705
0.049999118
0.031010326
0.024470672
0.018757327
0.012560778
0.009383934
0.0065819006
0.004786516
0.0037862095
0.0024550743
0.00430391
0.0028417378
0.0032689606
0.002545542
0.0026978643
0.0021947068
0.00283631
0.0028448203
0.003074186
0.0041484493
0.005472606
0.006470883
0.0049281525
0.007147061
0.008775459
0.010404946
0.008491271
0.011104736
0.010423324
0.013107829
0.016117211
0.020649932
0.05954913
0.09579556
0.15616737
0.14561114
0.122986846
0.15571436
0.16371253
0.13757877
0.22083887
0.22314614
0.13623546
0.20782158
0.1613616
0.21810198
0.124266304
0.2487494
0.21210402
0.179206
0.15417925
0.16438991
0.2048583
0.1269829
0.15876763
0.18684582
0.18185851
0.17510931
0.1676683
0.18736729
0.13354203
0.14079197
0.11775317
0.1667218
0.16376701
0.29778993
0.101439305
0.16683553
0.08383115
0.21018639
0.083700575
0.17079325
0.23129296
0.17607692
0.17017923
0.20724271
0.28487387
0.121619575
0.14337438
0.12677273
0.14014046
0.10780865
0.14394988
0.16098613
0.117612116
0.08241899
0.16207655
0.17334436
0.1310787
0.11063873
0.107347935
0.081882484
0.12502462
0.11662192
0.10953464
0.062704496
0.2009663
0.19675
0.18766658
0.21885945
0.6982424
0.39945006
0.28620112
0.33521175
0.22200772
0.11306788
0.07641369
0.07809602
0.06772729
0.053301662
0.038563505
0.04635276
0.05008654
0.08487745
0.057609458
0.14377232
0.085100845
0.11509303
0.050336353
0.2341371
0.08866817
0.10034402
0.13578439
0.1645609
0.12482655
0.1408907
0.21317871
0.21956141
0.19803031
0.16500637
0.36022782
0.24705347
0.2863465
0.24399197
0.23813215
0.058370627
0.18332951
0.13502698
0.1561925
0.057815194
0.1254666
0.07545056
0.12852593
0.032879613
0.098629
0.06938486
0.042587936
0.051045608
0.1362656
0.12584077
0.13276039
0.09472705
0.09856742
0.14489459
0.18169053
0.17628887
0.15641396
0.17702349
0.40124068
0.1947837
0.22474512
0.29900602
0.29758653
0.08453046
0.053288326
0.107956104
0.07066608
0.024790032
0.04603757
0.046849087
0.016888797
0.013705911
0.024023416
0.016539698
0.006963802
0.0077017564
0.012939448
0.005088076
0.004117603
0.0047958135
0.0022643274
0.001685655
0.0015315069
0.0013602595
0.0011457093
0.0009710607
0.0010813063
0.0010723446
0.0011051386
0.0012274402
0.00138223
0.0013771862
0.0016666808
0.0018243246
0.0017515436
0.002748704
0.0040000007
0.0035485025
0.0029511994
0.0036322349
0.0046505276
0.002612721
0.0014362494
0.0012041276
0.0011900449
0.0010498576
0.0009874644
0.0009627238
0.00095940224
0.00096386235
0.00093239616
0.00090442214
0.000923225
0.0008836603
0.0008193831
0.00089953514
0.0008265758
0.0009521328
0.0009933392
0.0010873284
0.0011358622
0.0010941322
0.0013574538
0.001764044
0.0018913525
0.0023058138
0.002726787
0.0030964995
0.043244775
0.038124956
0.03507582
0.03507582
0.030149195
0.03522585
0.033183075
0.03524363
0.04680392
0.05467302
0.05467302
0.0579439
0.07881547
0.077275775
0.07726877
0.077833444
0.07597734
0.09552434
0.16837218
0.18110353
0.18931916
0.25589728
0.2417866
0.12874673
0.08795085
0.062765755
0.060157843
0.034420934
0.016063683
0.014949493
0.024972767
0.037595935
0.06216439
0.09599529
0.043442797
0.048224
0.075233795
0.054295193
0.06744435
0.08824324
0.09496206
0.080071695
0.121298105
0.14579688
0.07821646
0.099624686
0.07315172
0.095265925
0.048861034
0.051783714
0.053563006
0.039088752
0.039256845
0.04023573
0.04621405
0.03781584
0.044029087
0.059701722
0.071621284
0.027764494
0.030111002
0.029494638
0.03725605
0.022984993
0.024085823
0.018839527
0.011102719
0.009229724
0.008431658
0.007015837
0.0046266867
0.008836156
0.007171176
0.0065756836
0.005456104
0.00656642
0.006539798
0.0064882543
0.008429609
0.008056343
0.007219573
0.009530171
0.010564511
0.008613121
0.007888625
0.0083128335
0.0082459655
0.0049656862
0.006177057
0.004236622
0.0034304825
0.0033949986
0.0028538732
0.0024912842
0.0020066232
0.0021119567
0.002035402
0.001803775
0.0019625868
0.0020450077
0.0024090745
0.0018226227
0.0020240874
0.0016146301
0.0014692931
0.0012113745
0.0013014594
0.0013897166
0.0014703304
0.0018137662
0.002409486
0.0021430086
0.002931642
0.0023992816
0.0046525984
0.00548204
0.005818542
0.0068500745
0.006370053
0.009725665
0.011552572
0.012546527
0.020168798
0.016407056
0.023011297
0.020720359
0.026937239
0.024690155
0.029274998
0.027529582
0.027147373
0.021509683
0.026797121
0.021221774
0.0314453
0.030380063
0.029651558
0.02456486
0.028621525
0.025030293
0.036359187
0.038609993
0.07700867
0.053394124
0.05287369
0.06425847
0.043805484
0.039969653
0.035063814
0.037411436
