0.008076529
0.014150478
0.0113427425
0.008783031
0.010935791
0.01223119
0.013221665
0.015498596
0.012450826
0.012454837
0.016262358
0.010256625
0.013090236
0.017064422
0.02207759
0.025767453
0.03916397
0.026770389
0.029776331
0.036837365
0.07268348
0.057141956
0.06682059
0.069872454
0.07548297
0.06329376
0.06390504
0.04785897
0.049131125
0.0368593
0.036906693
0.033902757
0.021334354
0.021491675
0.015509704
0.015551268
0.017877651
0.010297399
0.011982836
0.012635415
0.008837485
0.005208614
0.009612043
0.011818526
0.009239771
0.008545668
0.007241572
0.0077752634
0.00552286
0.0038450814
0.0043396736
0.003077799
0.0027866843
0.0020484438
0.002644715
0.00239519
0.0022999058
0.00377314
0.0026551068
0.002422438
0.0018990068
0.002565213
0.0025538076
0.0022643395
0.0028283738
0.0035366404
0.004014745
0.005015229
0.0065272255
0.007602541
0.007800406
0.0102205
0.0064470978
0.008990445
0.0070167608
0.0066458927
0.008410086
0.006802027
0.023923524
0.013604054
0.015474527
0.037685394
0.021084625
0.008239869
0.0066221333
0.012068024
0.00484973
0.0056038764
0.006705794
0.005328762
0.0032217493
0.0028439506
0.0031281863
0.0033212341
0.002931556
0.0029283478
0.0065397415
0.0039662714
0.0032244008
0.0072585535
0.009161889
0.014207639
0.02770658
0.090695806
0.111948855
0.08354626
0.13038921
0.11611073
0.09337971
0.0582289
0.18478209
0.17848712
0.10522675
0.14997889
0.1566754
0.22008485
0.107207775
0.23053814
0.18165575
0.1494687
0.17085886
0.1842638
0.2069847
0.13929214
0.2136003
0.26227403
0.13017157
0.1784298
0.159802
0.15609242
0.047758963
0.1341108
0.09538703
0.14525065
0.20374992
0.83354837
0.536383
0.746403
0.5848886
0.7777349
0.6406748
0.39430958
0.8141446
0.7044663
0.40773514
0.15353814
0.64860773
0.5299432
0.29478925
0.12110687
0.14116317
0.0735151
0.09086894
0.051373508
0.08140141
0.02389924
0.07277684
0.05891631
0.09628471
0.044659343
0.57120705
0.28618544
0.1862428
0.30561057
0.2772745
0.16310473
0.11661581
0.118665144
0.11027556
0.09059507
0.045896105
0.053657047
0.077605166
0.10428555
0.051249925
0.110318415
0.057773024
0.08461629
0.023789363
0.04930573
0.04566281
0.037284262
0.049475588
0.06644544
0.10172714
0.16147754
0.3267744
0.40153608
0.14449176
0.2340084
0.35918167
0.17235804
0.10260505
0.10576257
0.18619178
0.045222424
0.09720972
0.09837477
0.085842215
0.061178762
0.15123673
0.12529565
0.25494266
0.14871624
0.22247091
0.15641887
0.19676036
0.16553442
0.106711455
0.1210277
0.11549602
0.045048796
0.05094612
0.069831066
0.10997778
0.099477604
0.11036222
0.15575989
0.2924709
0.13850139
0.14485705
0.20355363
0.13559261
0.10381422
0.06543953
0.09045225
0.05314225
0.036378052
0.034765095
0.037803434
0.034749947
0.01532621
0.018120155
0.020944834
0.011103898
0.006648689
0.0060048252
0.004713291
0.0032433867
0.0033575115
0.002549093
0.0021601121
0.002298441
0.0022671097
0.00259871
0.0022549576
0.0017640531
0.0017456232
0.0016869586
0.0021516075
0.0019281766
0.002892564
0.0039400924
0.0027362213
0.0036305166
0.004833179
0.0037779557
0.0033877266
0.005379585
0.007678977
0.0047005913
0.0035782582
0.0059038047
0.0034710944
0.0018474603
0.0017707497
0.0016318774
0.0011832494
0.0010718503
0.0011022746
0.00095737237
0.00097302074
0.0008610451
0.0008641075
0.0008072774
0.0009351132
0.0010727164
0.0011703204
0.001300247
0.0017619284
0.0018727838
0.0025304828
0.0024177893
0.0026820211
0.0028550662
0.0031838212
0.0028851687
0.0031731653
0.0023953496
0.003592667
0.0033207575
0.0031835912
0.005099027
0.0056392397
0.006576528
0.0063556037
0.006391294
0.008613446
0.0060905325
0.0067691193
0.0074448413
0.009841182
0.020441467
0.015217271
0.01194399
0.016049353
0.021879308
0.010830283
0.02205494
0.03492191
0.026211802
0.013611792
0.033353683
0.019246144
0.016290743
0.03744483
0.07512497
0.12458978
0.042674426
0.054878768
0.11594849
0.056296814
0.053751044
0.0928811
0.08924516
0.0674463
0.088719234
0.10250541
0.07084247
0.06611599
0.045621768
0.06781951
0.038380798
0.03235114
0.034851667
0.01879803
0.018927349
0.015811445
0.015503132
0.013263898
0.013913915
0.020620048
0.024287723
0.008989986
0.012506979
0.01212584
0.011644359
0.0063622533
0.00725023
0.0072336816
0.0052297395
0.0044772956
0.0050992086
0.003805801
0.0033322352
0.0059879147
0.006282149
0.007751865
0.0076167975
0.007548852
0.009124072
0.007639166
0.008875976
0.007903212
0.008489958
0.01039621
0.009685425
0.008854391
0.009176279
0.008363565
0.004335481
0.0051177433
0.0037754602
0.0031137753
0.0027947193
0.0024489893
0.0019090963
0.0015587609
0.0017858238
0.0017837281
0.0013261391
0.0015890698
0.0015923884
0.0016762624
0.0013125088
0.0014923825
0.0013781302
0.0013848104
0.0011776239
0.0012212949
0.001397464
0.0015601196
0.0015967474
0.0023440744
0.0019307736
0.0026172989
0.0024605982
0.0036484164
0.0034894843
0.0041932184
0.005727699
0.0056113
0.007691312
0.008777607
0.009940092
0.014136562
0.015163215
0.01883173
0.019119717
0.02361442
0.02111219
0.02389131
0.022324268
0.019839369
0.015945746
0.0170382
0.01427735
0.019075518
0.017304448
0.017389307
0.018116059
0.021372747
0.01900436
0.025357673
0.03338911
0.047327608
0.04645782
0.04642874
0.052141678
0.040585406
0.039628077
0.03677651
0.03595675
