0.0039795283
0.0061949743
0.0049166423
0.0036529885
0.0043937294
0.0036297198
0.0059943665
0.0068614213
0.0067296503
0.0075745736
0.008898544
0.006845674
0.009058106
0.01180291
0.0121728415
0.015807237
0.031531632
0.019853966
0.02572926
0.03696718
0.05643148
0.038032666
0.048360314
0.050894573
0.05474966
0.050318968
0.07281649
0.055002414
0.055372175
0.050913315
0.06517192
0.04945949
0.03558252
0.033643894
0.026289225
0.02063555
0.027890114
0.015313326
0.022640286
0.025905399
0.015163572
0.013933778
0.012047604
0.010400278
0.0124420235
0.009526782
0.0085101
0.0100641865
0.0068032253
0.0033900298
0.0032027436
0.0027351321
0.002942583
0.0024941498
0.0026730723
0.0028758254
0.002591597
0.003326373
0.0024208943
0.00257724
0.0020526485
0.0024490687
0.002277749
0.002187626
0.0028629492
0.002486059
0.003079109
0.0078561865
0.0054835845
0.009435015
0.009040347
0.013263854
0.008226074
0.007821667
0.011251953
0.012114752
0.01007511
0.008621464
0.009706162
0.012300306
0.007164369
0.009715635
0.013300151
0.01588482
0.018527722
0.03612362
0.061640214
0.07271669
0.09682432
0.09780261
0.14237617
0.1565555
0.12871513
0.20680454
0.19848086
0.11133085
0.1427964
0.14937404
0.19528319
0.09825747
0.23025146
0.12625816
0.13350774
0.14243536
0.13211833
0.14192331
0.11707428
0.16743082
0.15288116
0.19049028
0.19376476
0.18706624
0.13101889
0.14569224
0.26060367
0.20843565
0.22101954
0.41582626
0.87016803
0.42996603
0.63752437
0.6251227
0.78919035
0.49434012
0.4045306
0.8158899
0.7059094
0.38478407
0.18304272
0.74574536
0.5749486
0.21345735
0.13395575
0.2487569
0.12729204
0.071052074
0.087258816
0.13735218
0.028441435
0.05768424
0.08967709
0.047942825
0.057561167
0.540223
0.2580777
0.14406122
0.2897393
0.2561025
0.1530578
0.13262057
0.1513193
0.22355476
0.08452356
0.078416206
0.07860432
0.09129405
0.11384568
0.06484042
0.10269933
0.06687815
0.07625563
0.04498172
0.10940523
0.1224157
0.12513052
0.14534463
0.066380784
0.10903794
0.19580325
0.20198473
0.11401903
0.14822094
0.20530856
0.19761883
0.21915412
0.16707708
0.19635598
0.23278692
0.10820939
0.2664508
0.2331393
0.17656176
0.12300851
0.26741564
0.21064258
0.4395016
0.14632666
0.2963898
0.2717809
0.14059705
0.22579166
0.20044306
0.17093731
0.115558095
0.075585656
0.07302712
0.17060737
0.20001061
0.16464391
0.107798286
0.1515854
0.3721323
0.20777434
0.21145815
0.26466957
0.30864823
0.09020556
0.08395997
0.21466038
0.1943634
0.04484196
0.10997213
0.07539032
0.03660242
0.016896922
0.034813017
0.022801796
0.005121457
0.005601504
0.010827613
0.0029791582
0.0022862582
0.0039097266
0.0021784522
0.0013751371
0.0014599416
0.0013439583
0.0013084356
0.0011501866
0.0012441612
0.0012433811
0.0011638247
0.001102723
0.001384902
0.0011736115
0.0014770553
0.0017893653
0.0015687346
0.0023210028
0.0030171403
0.0027667878
0.002381638
0.0025479598
0.0028780224
0.0018543582
0.0020150803
0.0021675443
0.0021579128
0.0023154612
0.002385055
0.0024131185
0.0016403774
0.0025914402
0.0018458449
0.002582697
0.0019723545
0.0019309003
0.0015934531
0.0017441638
0.0014609221
0.0016091818
0.0014191584
0.0017938253
0.002154969
0.0020348015
0.0027315787
0.0034501315
0.004069689
0.0039912695
0.0054625478
0.003928473
0.005218816
0.0044516497
0.00452624
0.008148013
0.0075541693
0.0082283
0.0078079505
0.010055411
0.014279189
0.009374718
0.010520014
0.010937787
0.0115289
0.0072027193
0.007046312
0.0072870594
0.0070894766
0.0058301794
0.0069702715
0.0074010137
0.008689542
0.009228225
0.009669202
0.011194841
0.0076523745
0.012198149
0.017567253
0.028467376
0.06294242
0.034468163
0.03200638
0.03269813
0.039908383
0.042595424
0.0442246
0.07304191
0.05396886
0.07068679
0.091451764
0.05964502
0.080419265
0.05583042
0.09048555
0.055396326
0.055428386
0.053664055
0.04730111
0.04107824
0.041936714
0.04469954
0.040866103
0.04530949
0.059945773
0.056746352
0.03906952
0.057319537
0.05133406
0.043980982
0.047266223
0.04798968
0.042642064
0.04047589
0.04292251
0.022410413
0.01821924
0.012875488
0.010641155
0.0054594018
0.004107625
0.0035558462
0.0028946812
0.0023672623
0.0026323348
0.0015212246
0.0013154804
0.0010919076
0.0011597279
0.0012092694
0.0013813219
0.0014887658
0.0021132212
0.0019059542
0.003295339
0.0029725046
0.0036086726
0.005218801
0.00406393
0.004457044
0.005764568
0.009338864
0.010827684
0.006807977
0.018079251
0.016521798
0.0119073335
0.0131756505
0.024009086
0.026472507
0.021327296
0.020483635
0.024484767
0.020675339
0.02177067
0.02237021
0.03711263
0.03802768
0.034667045
0.027272074
0.0311269
0.022296598
0.032297846
0.02973188
0.057216704
0.03961124
0.038543038
0.042524118
0.029934717
0.031317618
0.029039782
0.030504253
