0.0048115854
0.0064814985
0.0050251223
0.004367673
0.0061673233
0.007945873
0.012221704
0.014241766
0.011961797
0.011817195
0.01588895
0.01607091
0.01634147
0.019765869
0.026199488
0.03277367
0.044125784
0.03086715
0.04911542
0.04784793
0.05377077
0.058221366
0.07669133
0.08022518
0.10984301
0.11404755
0.12191178
0.10227073
0.13604355
0.14871688
0.15463212
0.13098533
0.07021236
0.041346993
0.04761442
0.030166948
0.026801886
0.018619126
0.01255389
0.010759386
0.008748671
0.006045685
0.0053462675
0.002443145
0.0042116586
0.0023793275
0.0018980182
0.0019369086
0.0018080289
0.0018930293
0.001816939
0.001745486
0.0019813841
0.0018305951
0.0019080933
0.0022070275
0.0021328006
0.002220825
0.0024816098
0.0025079874
0.0038174323
0.0033638636
0.0057559554
0.008298573
0.012022135
0.021147044
0.029492753
0.074457
0.10856603
0.1018907
0.1414561
0.124808945
0.14666155
0.16948771
0.1786088
0.19465162
0.1836212
0.14973073
0.19918668
0.13945861
0.24392772
0.12361177
0.21947794
0.11718025
0.13669
0.15528929
0.16335389
0.16720621
0.11151224
0.18538177
0.3317559
0.13860776
0.19660264
0.23309653
0.20287494
0.07053702
0.22070624
0.15610792
0.2469786
0.32855585
0.84734476
0.59244806
0.72412264
0.6336
0.796394
0.5319094
0.44507298
0.82651496
0.69391423
0.4114738
0.17669356
0.6571417
0.55467176
0.29212528
0.11400463
0.13154598
0.07516858
0.08212102
0.05234501
0.05873405
0.026330305
0.08101982
0.06515717
0.08663728
0.050374478
0.5559368
0.2591007
0.1287094
0.25400272
0.19043759
0.099639356
0.07135029
0.0905984
0.07100004
0.057131935
0.03875957
0.049299654
0.06486223
0.093147784
0.052897807
0.1162427
0.061659366
0.060686637
0.031568
0.08114897
0.059050553
0.051091798
0.0858186
0.09200943
0.10176752
0.21383716
0.41382065
0.46350366
0.26869863
0.4921776
0.47982967
0.3813826
0.28397515
0.30865014
0.34607747
0.10013728
0.26788738
0.30104405
0.14254083
0.087376356
0.53542405
0.27384964
0.29304054
0.07581933
0.5298595
0.32244974
0.0729843
0.116567895
0.23499635
0.11765318
0.08495205
0.055839755
0.067146674
0.12398292
0.113473535
0.07991637
0.09015806
0.114840426
0.17565204
0.07410115
0.1510125
0.16147275
0.15322205
0.118281245
0.12179587
0.10423109
0.15415281
0.07354261
0.10368074
0.089825556
0.09870355
0.058554724
0.063424274
0.06566174
0.059184704
0.05688204
0.044083487
0.05575831
0.09355407
0.043074444
0.042684536
0.020919172
0.018087005
0.014568298
0.011259643
0.010088554
0.008261368
0.0045567756
0.004088093
0.0030410544
0.002524938
0.0026326855
0.0027363538
0.0029717048
0.0028091029
0.0027674483
0.0031252408
0.0047126
0.0037560563
0.0031937324
0.0045222775
0.0053909966
0.0035600485
0.0026160968
0.002250922
0.0026410385
0.0015904716
0.002309237
0.001627305
0.0012018284
0.001283278
0.0012658873
0.0010537795
0.0009646147
0.0009845176
0.0009377903
0.000774375
0.00094787596
0.0010250185
0.0010381492
0.0013638188
0.001565022
0.0021110917
0.0023680856
0.002635093
0.0039013564
0.004496343
0.0072333873
0.00799812
0.00809512
0.009731572
0.0064982055
0.004687579
0.008107116
0.0071143047
0.0052520856
0.0071747247
0.007853389
0.006953406
0.0067700683
0.009026138
0.011793516
0.010080042
0.0130634
0.011784337
0.011033278
0.011782405
0.015010503
0.011035136
0.011383695
0.0075457124
0.006324036
0.0080399355
0.01693582
0.011495089
0.009200055
0.018017247
0.014186011
0.016922241
0.026158594
0.053250086
0.083858274
0.044498876
0.063644454
0.082277305
0.048881937
0.052794416
0.07295579
0.07853824
0.054143917
0.07635574
0.0856897
0.066136956
0.06551812
0.04798478
0.06869571
0.04446195
0.04093155
0.043170147
0.033926066
0.030548563
0.028297013
0.029492414
0.028019387
0.028876908
0.03799495
0.040221743
0.025960866
0.032086976
0.030375455
0.033409644
0.020153238
0.023691026
0.015567928
0.01313514
0.011821334
0.00858741
0.0077219093
0.008521276
0.0085928105
0.011592532
0.009828228
0.0110331895
0.013494816
0.014249327
0.010463407
0.009002821
0.013757011
0.0062694955
0.006413027
0.004543985
0.0036651432
0.0032457244
0.0022528546
0.001875208
0.0019356617
0.0014775954
0.0015729879
0.0012340224
0.0013369635
0.0012204
0.001560069
0.0019164608
0.0014983723
0.0013514773
0.0015077357
0.0013123925
0.0012496082
0.0013916442
0.0017427588
0.0018968207
0.0023271092
0.0023201054
0.002820049
0.0031829814
0.0050744535
0.0058285496
0.0057482542
0.0059665074
0.0052339383
0.006496248
0.008324466
0.0077511934
0.017454486
0.016755855
0.013070975
0.013884544
0.020364227
0.021951929
0.024201877
0.0230553
0.030062592
0.021460159
0.021315325
0.019825963
0.032667756
0.029521935
0.023544967
0.023205256
0.025030268
0.020608805
0.027627908
0.027281778
0.053937443
0.03812041
0.03849857
0.0458568
0.033890154
0.035662528
0.03174303
0.03432812
