0.0063889595
0.0119217485
0.011061316
0.0057187476
0.0084011005
0.009776086
0.009219896
0.009077481
0.0099954065
0.0083730025
0.01159851
0.0077239336
0.015105283
0.014588973
0.021331657
0.029656181
0.047704864
0.04466227
0.04793549
0.061948404
0.084157154
0.06224033
0.07810065
0.0971889
0.08603242
0.06565209
0.07520157
0.059011698
0.058709957
0.04959915
0.06568417
0.06136831
0.04018191
0.0545742
0.0533901
0.030537792
0.039160203
0.033712655
0.029542528
0.01982981
0.01591692
0.010770952
0.00901235
0.008767432
0.0084487265
0.0074466704
0.005295587
0.0058216597
0.005442423
0.0040162955
0.0062846495
0.00690257
0.0076561016
0.0040998124
0.0060600177
0.0036289298
0.0040056906
0.0039326884
0.004331555
0.005893437
0.0057219747
0.009248703
0.010440548
0.0087926835
0.024628328
0.017645232
0.01763786
0.013055987
0.020220002
0.015683858
0.015182923
0.015212898
0.016472053
0.06230504
0.031828042
0.060923655
0.10444942
0.062950015
0.028931396
0.075759426
0.038732238
0.014912086
0.039499216
0.032233883
0.03193302
0.011373149
0.010674846
0.017260207
0.006408025
0.015249996
0.0034067722
0.0031538727
0.0026222228
0.0025164809
0.0030881225
0.0030031733
0.0038683563
0.004634828
0.0077518094
0.022725899
0.026549645
0.039951142
0.03911265
0.056211043
0.06903768
0.084075704
0.22716399
0.20277461
0.13734002
0.19964021
0.22580269
0.25045836
0.13356103
0.2972246
0.19779833
0.1249596
0.15979873
0.20827684
0.18767413
0.12369439
0.16969317
0.23748095
0.14096007
0.15911578
0.14747746
0.15881121
0.05743105
0.14500795
0.10937527
0.16129564
0.22183056
0.8366869
0.5269074
0.7784206
0.6001547
0.776752
0.6365167
0.41076556
0.8002998
0.71837485
0.44820684
0.19216706
0.6481961
0.561277
0.34453157
0.17062636
0.16927372
0.08859025
0.109946735
0.07247874
0.104613245
0.030188471
0.10085099
0.08144212
0.12588607
0.058610458
0.6041608
0.32619584
0.21151072
0.3168242
0.28452432
0.17589979
0.12124609
0.10519328
0.09586431
0.099709556
0.049031775
0.05504981
0.077440016
0.14326623
0.06091135
0.12816218
0.082686715
0.17325702
0.036743585
0.09980691
0.24715585
0.13222006
0.21145898
0.12457683
0.1495172
0.24731684
0.28403106
0.23968665
0.15340243
0.23126215
0.2596085
0.26185775
0.11982986
0.3200126
0.28183535
0.07567043
0.33067852
0.35577664
0.18569697
0.13350557
0.6367649
0.36265612
0.40970194
0.10889381
0.53089833
0.29967368
0.10577551
0.19146225
0.21197452
0.15638669
0.10063473
0.045331776
0.064394794
0.05687169
0.07091808
0.066696025
0.09926845
0.13968855
0.26303864
0.13316037
0.17195448
0.26538265
0.2918611
0.1043785
0.110047854
0.19922493
0.17688005
0.07150632
0.0899694
0.07681685
0.02505283
0.016960377
0.024398165
0.018409897
0.009590048
0.010150007
0.016220812
0.006409464
0.00499104
0.005029605
0.0040065926
0.0028388316
0.0019193033
0.002532602
0.0022705744
0.0016084006
0.001510755
0.0015010028
0.0017813924
0.0019627793
0.0021949408
0.0025599757
0.0027129103
0.0032441204
0.00469559
0.0048835287
0.003853822
0.0054208394
0.0064583994
0.0048196274
0.0034912059
0.0035559607
0.0026861948
0.0016807937
0.0015965764
0.001269775
0.0012290827
0.001099617
0.00112481
0.000960621
0.0009889841
0.00088009663
0.0009256706
0.00082051905
0.0010040107
0.0011842771
0.0012886174
0.0014413903
0.0015866071
0.0015909693
0.0021035012
0.0021038163
0.0023535083
0.002407552
0.003154086
0.00313065
0.0029279524
0.0028563887
0.0036997227
0.0026880738
0.0028096358
0.0047229463
0.00508491
0.0053674057
0.006179704
0.0073356074
0.007298776
0.005525535
0.0063974624
0.007426594
0.009665085
0.016269278
0.012381131
0.010149116
0.012435878
0.017454403
0.008933187
0.020327833
0.028282907
0.022524903
0.010757249
0.021128269
0.01324906
0.014595426
0.026752664
0.05545184
0.10287853
0.035591327
0.042146306
0.08361116
0.040868104
0.04402712
0.05729204
0.078419685
0.05916612
0.07976444
0.10192181
0.069490604
0.0669657
0.05085758
0.07855808
0.04496722
0.04135418
0.04160403
0.027735833
0.022710115
0.021549601
0.022913495
0.021659294
0.024608325
0.032565776
0.030522492
0.015329096
0.020242384
0.01577332
0.018575203
0.008491195
0.008685469
0.0069329203
0.005795071
0.0054000374
0.0043936106
0.0033422923
0.0037323318
0.0057629095
0.0068055815
0.007285362
0.00751013
0.007006731
0.0082116155
0.007086168
0.008680589
0.008137042
0.008475841
0.009224868
0.009219783
0.009023707
0.008805385
0.008747551
0.006282658
0.0071031507
0.0058067427
0.0053063123
0.004857579
0.004220944
0.0035563088
0.0037289578
0.0038909398
0.004087763
0.0030378208
0.0035441483
0.0041161384
0.0032037883
0.0030145696
0.003345097
0.0035083245
0.0033147722
0.0026632482
0.0025575259
0.0027073117
0.0021594637
0.0026268784
0.0046547255
0.0038230813
0.0046417094
0.006867494
0.009346106
0.010158811
0.012881792
0.016546324
0.015932037
0.022242652
0.023683595
0.023699941
0.02074623
0.022161897
0.018357236
0.019120404
0.015666487
0.024152728
0.019345729
0.018985193
0.016460462
0.018008003
0.01871685
0.023228506
0.02702409
0.04520452
0.04351679
0.044681624
0.051825028
0.038546693
0.04165886
0.033891827
0.03256112
