0.0042233015
0.006404671
0.0054687248
0.0039968654
0.0047925645
0.0036044987
0.004657908
0.0050419443
0.0063447542
0.006776362
0.007287353
0.006058257
0.0077171465
0.009354596
0.009729376
0.015423118
0.02808088
0.02251407
0.037193347
0.059853397
0.08938124
0.07230378
0.08551253
0.09901333
0.07245143
0.06275509
0.06234938
0.039519876
0.036875673
0.026970668
0.019342743
0.011116775
0.013165878
0.008299942
0.007005603
0.007879539
0.0070950105
0.0041616056
0.0038560813
0.0026759796
0.0022237613
0.0021176795
0.001807043
0.0020890993
0.0022964147
0.00187189
0.0017181009
0.0020419892
0.0017493056
0.0015915275
0.0017407517
0.0015417779
0.0014255646
0.0016672274
0.0021634034
0.0021249077
0.0023658955
0.0039483667
0.003845299
0.0044958885
0.0054592304
0.007870739
0.0066981115
0.0055589485
0.0043483316
0.0064062886
0.0064032297
0.006576534
0.012402075
0.007954699
0.0095655555
0.0046434677
0.007950941
0.008852521
0.005459427
0.008500843
0.011930044
0.010875396
0.013965215
0.027139504
0.043779667
0.041913938
0.06838131
0.06486897
0.069909796
0.081736125
0.08004291
0.12702876
0.14737092
0.08365523
0.15720217
0.13189638
0.23465762
0.14833218
0.22157392
0.09418016
0.18053234
0.20221967
0.122027844
0.099505074
0.11475587
0.15442677
0.13993873
0.089531474
0.14724927
0.09985907
0.11856717
0.1947522
0.14046945
0.18285377
0.28523558
0.76280737
0.4392907
0.6811142
0.6230972
0.74585736
0.5146225
0.42295244
0.7887511
0.65720904
0.44240054
0.16492526
0.69111884
0.5369251
0.2192201
0.0998973
0.18491215
0.103056945
0.106789365
0.11135974
0.112793066
0.050190657
0.09206889
0.21861276
0.0688352
0.076954804
0.6350842
0.26844716
0.14298925
0.29069105
0.27415654
0.1631148
0.09359979
0.11312571
0.16672292
0.10496564
0.05790162
0.06252575
0.10277034
0.12455885
0.07332796
0.1586118
0.09693934
0.13987286
0.042602584
0.15497962
0.09643298
0.22982267
0.106076226
0.074385956
0.11389635
0.21996763
0.16485833
0.0976039
0.15690775
0.15594825
0.17860769
0.21900879
0.22386418
0.22314966
0.21964146
0.09392822
0.16998626
0.11604501
0.11926712
0.08977668
0.13509236
0.1129913
0.13758177
0.08964479
0.260083
0.14721689
0.09249212
0.27104014
0.12946
0.18132651
0.19763312
0.07672325
0.117851295
0.1027244
0.11558378
0.07781914
0.08613209
0.11713478
0.23040299
0.0850544
0.13144322
0.1966542
0.29049006
0.108127184
0.07073296
0.12588885
0.092052184
0.043694068
0.06423556
0.063797876
0.022992082
0.011029684
0.0238315
0.019420257
0.0110088345
0.018208291
0.032002494
0.024440194
0.014194641
0.023370167
0.008141796
0.0059347814
0.0037772881
0.0038428742
0.0022164562
0.0018697557
0.0021157013
0.0021434962
0.0018649251
0.0019486563
0.0018605562
0.0019031686
0.001955788
0.001755134
0.0015568675
0.0016092891
0.0021144012
0.0016021713
0.0019205405
0.0023391608
0.002628942
0.0020808112
0.002341686
0.0020047429
0.0022072229
0.0015261417
0.0017235129
0.0015469955
0.0013384911
0.0011502332
0.0017198847
0.0014531893
0.0013103093
0.0020991017
0.0019397682
0.0026442094
0.0016027045
0.0017607203
0.0019516802
0.0017676146
0.001822333
0.0016160004
0.0019226657
0.001723732
0.0019808607
0.0031099026
0.0031756987
0.0055157933
0.0047043366
0.0056512603
0.005718053
0.004200083
0.004549017
0.0060046203
0.00533327
0.0065352577
0.0064376118
0.0063719186
0.0077569387
0.008809427
0.00785451
0.012316827
0.0087929005
0.007870367
0.0067058955
0.00506275
0.003837393
0.004024362
0.0038606594
0.0049859374
0.004873292
0.0049753813
0.0053305593
0.0071058455
0.011014563
0.011252193
0.014859294
0.022364734
0.033374894
0.033711225
0.039719094
0.038281504
0.03850035
0.04082547
0.04658858
0.050605364
0.0418209
0.055498715
0.063952014
0.045380376
0.048322733
0.040720996
0.051108934
0.036745507
0.029620744
0.03167659
0.021003788
0.019858403
0.019791117
0.019307924
0.015885193
0.02003325
0.03232015
0.035377096
0.016743463
0.020276636
0.021046797
0.02343632
0.008164771
0.011289314
0.010255593
0.006091537
0.008047183
0.007837324
0.0077634
0.007386603
0.007696514
0.014253326
0.010561472
0.012028294
0.013166174
0.012898295
0.011970682
0.010855072
0.019627009
0.011083517
0.012215098
0.011038623
0.011241264
0.008695656
0.0066164457
0.0063855615
0.005827693
0.0040473547
0.005572305
0.0031761655
0.002321576
0.0024573386
0.0041274144
0.005502238
0.002789406
0.004819067
0.004415967
0.0036621718
0.0033150383
0.003044319
0.002688076
0.003601164
0.006010224
0.004885809
0.006474578
0.008991316
0.012197499
