0.0036319518
0.0061104004
0.004370471
0.0029509808
0.0040055383
0.0037415952
0.0042402726
0.004091618
0.0061726854
0.0060539977
0.006981618
0.005943565
0.0070793303
0.008198147
0.0083576515
0.010604351
0.016547706
0.010533634
0.013347183
0.016811274
0.023061756
0.01645928
0.024775257
0.02603903
0.026470419
0.023236925
0.027484477
0.008093075
0.007099087
0.0081243515
0.0073966435
0.005666858
0.004667366
0.0041536572
0.003225267
0.002942337
0.0032973862
0.002178981
0.003213399
0.0032456273
0.0027064262
0.002562574
0.0026901248
0.0027734109
0.002619214
0.0024620045
0.0032919387
0.002133313
0.002481102
0.0024836608
0.0025779475
0.0025577038
0.0029299925
0.002292664
0.0036047006
0.0026044038
0.0031168761
0.004734223
0.0062231943
0.008812167
0.00916967
0.032235965
0.055410873
0.05356158
0.09513227
0.07794071
0.112590276
0.12016837
0.11189399
0.15049614
0.16291533
0.118420355
0.17795238
0.13577661
0.21060432
0.11086866
0.22383037
0.11533945
0.12863648
0.15121418
0.17722826
0.16846529
0.1277833
0.20310433
0.3472808
0.15162274
0.21917886
0.22057559
0.25751093
0.112218544
0.23950924
0.2214488
0.31762168
0.43608493
0.79687995
0.4952178
0.7037184
0.6088848
0.65961504
0.47210845
0.5409987
0.83767146
0.5745586
0.35608906
0.1879241
0.5643069
0.2686446
0.25309741
0.09455974
0.10391341
0.07466528
0.0874935
0.08439637
0.0953354
0.037087914
0.12100971
0.11851794
0.059970018
0.06714974
0.61989015
0.25635526
0.10635195
0.22864597
0.20104925
0.10837593
0.074527614
0.08679271
0.09516408
0.052628677
0.037345104
0.05007353
0.061483253
0.09880757
0.056383565
0.1372022
0.06715405
0.116156876
0.04068998
0.17154004
0.14313227
0.22413813
0.10791427
0.08388558
0.103649884
0.13162611
0.10827613
0.08934306
0.13790405
0.12736118
0.15731084
0.22680128
0.1443929
0.19347034
0.22081119
0.073412016
0.15485509
0.15780467
0.13747622
0.075825624
0.15482329
0.143673
0.23877522
0.064491995
0.21389255
0.19690433
0.10076692
0.12697068
0.14927788
0.11468361
0.09450827
0.061698087
0.06276654
0.12427046
0.14622812
0.106635205
0.099491574
0.11206457
0.2597892
0.095383376
0.115606494
0.15774432
0.17986165
0.07696663
0.061125703
0.08858074
0.068562336
0.041746803
0.06562422
0.077884324
0.035703693
0.022846954
0.03489174
0.029407162
0.017868703
0.015637666
0.021821635
0.00780901
0.006891524
0.0060566003
0.0034270838
0.002757874
0.0023196838
0.001861698
0.0014096281
0.0011419029
0.0011980028
0.0012660832
0.0012745793
0.0013667407
0.0017007896
0.0014753401
0.001726888
0.001650465
0.0015559004
0.0017639373
0.0026346543
0.002079841
0.0015721194
0.001967622
0.002045833
0.0014056439
0.001156847
0.0009979806
0.0010469162
0.0009492424
0.0009707989
0.00089082745
0.00086744357
0.0008951042
0.0009109045
0.0009059536
0.00090012286
0.00075860065
0.00077588775
0.0008616064
0.0008799013
0.0010201446
0.0009496784
0.0010677954
0.0015531473
0.0014075743
0.0013935036
0.0013799005
0.0016463912
0.001714342
0.0015063775
0.0019131565
0.002121079
0.0022481114
0.003134912
0.003547899
0.0043017035
0.0042323186
0.004677809
0.005710673
0.0042722733
0.0039445376
0.006203094
0.005077172
0.005010593
0.0071887663
0.0069407187
0.007005059
0.006496488
0.0073390976
0.0084674815
0.0070333686
0.006518394
0.0052930578
0.005700426
0.005955855
0.006519679
0.00488778
0.007032819
0.0059870635
0.005754984
0.0059960084
0.010004801
0.012250313
0.009356032
0.014276128
0.015092753
0.014908632
0.0368409
0.060191277
0.1020554
0.068824746
0.05081284
0.06678774
0.05343829
0.056885414
0.064125046
0.09528603
0.06674073
0.0894228
0.11435394
0.07282542
0.07480665
0.048634395
0.0755083
0.044986125
0.037758797
0.044623796
0.029029151
0.025123892
0.019116784
0.020962225
0.02012986
0.017993936
0.03160325
0.032905247
0.013974109
0.018135086
0.017904159
0.024016172
0.010573601
0.0147480285
0.014574468
0.012701888
0.014919631
0.015366582
0.013782869
0.0145361805
0.01623558
0.016989188
0.016693773
0.01698515
0.01759603
0.014939743
0.010194903
0.011231448
0.009344985
0.0050370386
0.006991165
0.004289558
0.004277727
0.0035912946
0.0028877845
0.0020615435
0.0019654694
0.0021500313
0.0020588043
0.0014042805
0.0019730737
0.0015659782
0.0019135162
0.0017169504
0.0019215205
0.0015038993
0.0014574217
0.001243596
0.0012604827
0.0012924746
0.0015071019
0.0016093473
0.002216841
0.0018819621
0.0026438648
0.0027681196
0.004194515
0.0040664594
0.0046371687
0.005358005
0.0046790503
0.0071211993
0.00904051
0.008457883
0.021278393
0.01742107
0.016925098
0.019804394
0.025429081
0.023285188
0.02397462
0.021794545
0.027751047
0.021154419
0.025134966
0.026230613
0.03474716
0.029464556
0.024116958
0.020376613
0.022251727
0.017551161
0.02049985
0.021349024
0.03169675
0.03102536
0.03408573
0.03811071
0.03422469
0.030059535
0.027179869
0.028107662
