0.0038146426
0.006011352
0.004875908
0.004810307
0.0077287704
0.00916941
0.016295949
0.018707622
0.012762726
0.012323581
0.0149739
0.01784009
0.0132785905
0.014553986
0.015364172
0.016438343
0.019669866
0.013599352
0.027633995
0.03421342
0.03759968
0.045248292
0.052613083
0.057053413
0.07199692
0.09025163
0.12282925
0.10587767
0.09887859
0.113331094
0.108556174
0.08491753
0.08337159
0.060528144
0.066414185
0.052361004
0.044261962
0.03231314
0.024988433
0.013712068
0.008425174
0.007267616
0.007200388
0.006080605
0.003752243
0.002353161
0.0024001582
0.0016853566
0.0014895713
0.0018678629
0.0026635726
0.0020937866
0.0030507501
0.001952767
0.0020264545
0.0017405222
0.0013044073
0.001195618
0.0010816215
0.001170325
0.0012061415
0.0010673216
0.0011285271
0.0012945813
0.0017259931
0.001252301
0.0013578229
0.0012423914
0.0013000062
0.0013652912
0.0011392452
0.001314709
0.00130306
0.0012641276
0.0017598907
0.0016606458
0.0022677656
0.0021382743
0.0018027511
0.0018158868
0.0020808438
0.0014573198
0.002201709
0.0017357747
0.0016417814
0.0027534135
0.0055446825
0.009160468
0.0073741074
0.022791652
0.04338703
0.04146989
0.06378154
0.061406836
0.08829137
0.10958874
0.09260589
0.17937626
0.17549765
0.09592332
0.13263205
0.1540415
0.20124702
0.11182102
0.23055165
0.17511567
0.1595507
0.16561456
0.19647497
0.26578027
0.14234762
0.21098945
0.34442607
0.184367
0.20168744
0.19970289
0.26232433
0.18401639
0.19125387
0.17829455
0.3209365
0.2867607
0.7933097
0.5075424
0.570607
0.41146517
0.61659926
0.5474184
0.36877587
0.8010664
0.6428711
0.43732733
0.17313954
0.67064935
0.5325132
0.39762738
0.15447691
0.15304826
0.11876395
0.12391322
0.08006551
0.0682167
0.035462953
0.102991425
0.16122521
0.13094795
0.07912613
0.64366597
0.2661195
0.14196962
0.34437725
0.25988394
0.119940914
0.099158205
0.07381386
0.14085603
0.09431024
0.054613885
0.057513423
0.11258995
0.12323656
0.064916365
0.096082166
0.08524477
0.088699386
0.03578149
0.12093574
0.06944135
0.1376824
0.0764981
0.04829242
0.08091511
0.11814096
0.119079866
0.07214039
0.12781338
0.13872144
0.16398846
0.1248782
0.18776229
0.1951221
0.1722213
0.0677021
0.19924709
0.108850285
0.10057511
0.1052381
0.22439957
0.107628375
0.18652998
0.11182203
0.15243843
0.07460919
0.059147913
0.14254075
0.10337037
0.07105812
0.077635825
0.05411284
0.052481923
0.069905154
0.08528604
0.092445694
0.10499705
0.12641522
0.21368729
0.12414841
0.140914
0.17021382
0.10818316
0.07433827
0.040255554
0.061534505
0.038269676
0.025560211
0.034251224
0.034250244
0.020976145
0.011264815
0.020355409
0.017758269
0.007043029
0.008755509
0.011348343
0.003885473
0.0026905227
0.002452623
0.0021639564
0.0015114883
0.0016528929
0.0017029583
0.001348081
0.0011330174
0.0011386545
0.0011701331
0.0011730593
0.001157563
0.0012154968
0.0011512527
0.0013591562
0.0013630684
0.001329919
0.0017585643
0.0021598532
0.0019439529
0.0017094185
0.0020668101
0.0025406783
0.0018592525
0.0016324548
0.0014757947
0.0011618487
0.0011698267
0.0011764455
0.0012691276
0.0012454416
0.0011728449
0.0011744403
0.0010425955
0.0009725184
0.00099329
0.00088356173
0.000792901
0.0008993586
0.00090539345
0.00096666766
0.000932544
0.0010727441
0.0013851685
0.0012584277
0.0014980814
0.0018667502
0.0018911806
0.0024631745
0.003038173
0.0037695928
0.0032972845
0.00379652
0.004597681
0.004239447
0.0032321145
0.004529055
0.0051739956
0.003544662
0.006296907
0.0060369004
0.0057014422
0.005549843
0.0057064183
0.0085105905
0.005254176
0.0050036944
0.007851602
0.0059071197
0.008535824
0.0062464075
0.008278873
0.008281649
0.0071302303
0.0058291187
0.009572569
0.015753774
0.014472608
0.008076801
0.022078998
0.012227083
0.0107677365
0.020152476
0.035039186
0.07596957
0.02830159
0.03995617
0.07230891
0.04296451
0.05660828
0.115368225
0.07459066
0.052915346
0.10709182
0.13863301
0.05881648
0.08524747
0.054930955
0.08599482
0.031661224
0.022687098
0.02827363
0.019888135
0.01525352
0.0137377335
0.016909577
0.011998144
0.0140657835
0.025148137
0.02040702
0.009957113
0.0133424
0.013341979
0.014325675
0.006404343
0.011978388
0.011311552
0.010802418
0.006564147
0.01113521
0.017228303
0.015049632
0.021931667
0.024031723
0.026733242
0.012813589
0.015519711
0.020052392
0.015019113
0.021590622
0.017126855
0.020613445
0.018908454
0.015222037
0.018334134
0.009660431
0.010230518
0.006776465
0.0056345114
0.0048398026
0.00376085
0.0026833045
0.002492416
0.0020876166
0.0025760268
0.0013260653
0.001389624
0.0012934086
0.0014794954
0.0012383932
0.0013391555
0.001095453
0.0011246064
0.001005503
0.0010009182
0.0010917386
0.0010681419
0.0011623054
0.0012406902
0.0012215176
0.0018150762
0.0013036459
0.0021611967
0.002420399
0.0028152433
0.0027633377
0.0033145295
0.0045751366
0.0054823887
0.007109301
0.011723191
0.0106365075
0.012986231
0.014628318
0.018709801
0.01871883
0.026413683
0.027111983
0.031278107
0.027946446
0.034678616
0.030991204
0.041627005
0.045272607
0.036094975
0.027547704
0.04454756
0.030506847
0.041391306
0.040388793
0.08909611
0.05977033
0.051064778
0.06951185
0.047065236
0.041984845
0.03628548
0.03874561
