0.034866106
0.070309214
0.063139945
0.052612502
0.05729824
0.056004144
0.05925058
0.059397545
0.04877526
0.05338704
0.044802293
0.04713104
0.046860076
0.053573187
0.063092254
0.091543645
0.075031206
0.08077951
0.11107569
0.13677962
0.20346056
0.21830112
0.17835064
0.20402494
0.23090005
0.2817726
0.26665905
0.21607329
0.2980586
0.22782524
0.20863509
0.16380796
0.10606162
0.13752146
0.090557314
0.060781214
0.056771576
0.038374852
0.055303153
0.039146464
0.060953096
0.04629904
0.032011874
0.024649678
0.027047472
0.03381787
0.031395014
0.028082257
0.01819252
0.015284071
0.01930148
0.01622181
0.012951292
0.014227147
0.01145287
0.011533835
0.011040846
0.008904762
0.009017143
0.009504423
0.009058978
0.007472867
0.007752235
0.008158463
0.009088798
0.012594486
0.011981848
0.011797945
0.0141543625
0.010153346
0.01131496
0.013427251
0.009453085
0.009508814
0.012868654
0.015120193
0.01454304
0.014702598
0.019107576
0.02391168
0.026233135
0.03577024
0.043368947
0.05613922
0.10467658
0.0947997
0.1369337
0.11751674
0.13659042
0.13579726
0.115909606
0.11069735
0.0933466
0.03725104
0.064206615
0.05452553
0.03894902
0.032824405
0.019453473
0.020853661
0.019024247
0.021203458
0.022841653
0.019655572
0.018101553
0.016513588
0.009027448
0.00585617
0.009896606
0.0108995
0.011078209
0.011208774
0.0072951904
0.0079171015
0.008273929
0.005792182
0.0075425385
0.005983554
0.0046374267
0.0043018544
0.00380683
0.005483465
0.005226248
0.010064833
0.005798011
0.008095974
0.0041467417
0.0056956476
0.005858633
0.003540812
0.004523628
0.005192254
0.004646409
0.0046988786
0.005345466
0.006095447
0.0071407836
0.006115195
0.0066693956
0.0056363204
0.0050214403
0.0043438626
0.0061720363
0.0046976055
0.0050528664
0.006542698
0.0038563455
0.00715845
0.006697709
0.007330689
0.007147613
0.017314456
0.035183817
0.055213638
0.048414547
0.050258663
0.08144026
0.08935925
0.09149786
0.16672538
0.14813611
0.0882241
0.120684974
0.11608553
0.160743
0.08788832
0.18020685
0.14231269
0.12053955
0.12707238
0.11942979
0.11770572
0.0964539
0.16513829
0.13498011
0.12620653
0.1410027
0.13183822
0.10601402
0.08435874
0.17015465
0.13798565
0.14233093
0.23543131
0.8269071
0.6008605
0.6764838
0.6121856
0.7623888
0.5322292
0.37939352
0.8023402
0.694107
0.45093954
0.15166506
0.68485373
0.57762784
0.33573008
0.13595462
0.15521595
0.12873995
0.09559328
0.06923298
0.076537475
0.03672835
0.12889713
0.118756615
0.113193415
0.06829855
0.69545305
0.28209302
0.12962015
0.2995396
0.21616496
0.08848497
0.04742667
0.056348484
0.055765938
0.048782293
0.03939953
0.04503897
0.09313228
0.13753451
0.079132505
0.12008679
0.060932305
0.11550626
0.031880014
0.06413784
0.05858283
0.09111088
0.09046523
0.06527211
0.08377433
0.16895835
0.29599267
0.3115494
0.17861113
0.37824574
0.33124736
0.25808972
0.2335331
0.22824648
0.24851203
0.06996745
0.20998505
0.20605853
0.11507421
0.08189766
0.46829
0.20864692
0.2610868
0.08832857
0.4393327
0.2589764
0.08479285
0.118816465
0.23469403
0.12253291
0.08779801
0.06120061
0.07001359
0.086969025
0.11406989
0.119522974
0.09698523
0.11289235
0.19158183
0.17380823
0.10553711
0.18412885
0.28686252
0.09796758
0.053204283
0.089735515
0.071153045
0.02239164
0.03223235
0.03848542
0.019780971
0.015556772
0.02285707
0.017129576
0.008994839
0.00828445
0.010852502
0.005314617
0.0039739623
0.004604016
0.0023892757
0.0020119846
0.0015131142
0.0014243821
0.0011553103
0.00092689734
0.0009934651
0.0009565536
0.0010378872
0.0011208657
0.0012868537
0.0013865081
0.0012761311
0.0014507476
0.0014088933
0.0016244241
0.0021876518
0.0017692955
0.001716323
0.0018451228
0.0022763808
0.0016156159
0.0012885886
0.0011019469
0.001087489
0.0009731204
0.0009314079
0.0009390483
0.0009035415
0.00097381376
0.0009245732
0.0008847674
0.00090190815
0.0008243836
0.0008076922
0.00076471345
0.00082496816
0.00086092117
0.00090819545
0.0009626642
0.0010402412
0.0012799437
0.0020072784
0.0025689674
0.0037665013
0.0031318972
0.004072276
0.00554827
0.0054996316
0.0050611123
0.0069529023
0.005154234
0.0049145804
0.006016828
0.0069882427
0.0073684165
0.005757931
0.006846244
0.008096644
0.006721404
0.0051073213
0.004649451
0.004204667
0.0033265594
0.0036742615
0.0028922115
0.0031177534
0.0027335186
0.0029898097
0.0032828504
0.004909907
0.0052198335
0.0051528746
0.0076831416
0.0067125466
0.008106031
0.016290393
0.029802835
0.045419354
0.03259976
0.034986004
0.0469093
0.04030488
0.042423584
0.05364857
0.06365471
0.055518627
0.0818217
0.10852402
0.062181268
0.07421846
0.05511862
0.07556239
0.043322537
0.04440354
0.04804884
0.03420852
0.03417709
0.034091756
0.039666876
0.033515118
0.03299888
0.05426912
0.0728022
0.025240231
0.027828528
0.027654884
0.038398754
0.02387807
0.027422972
0.02274321
0.013825824
0.012588819
0.0114199165
0.0095602665
0.005301593
0.008648433
0.008767883
0.0088754855
0.006389232
0.006613898
0.0072541772
0.007391978
0.00964756
0.010122081
0.007814298
0.011004298
0.0124724675
0.010876453
0.0095828455
0.010701595
0.010009558
0.006001064
0.0065962463
0.0059834374
0.005060649
0.0034920024
0.0028569782
0.0022310396
0.0016376124
0.0016831468
0.0017453581
0.0011778438
0.0013149638
0.0014144111
0.0013972424
0.0012628194
0.0013945225
0.0014190754
0.0013769921
0.0012745344
0.0013638278
0.0012860689
0.0012979618
0.0015484359
0.0019650552
0.001979258
0.0024372775
0.0024290867
0.0038870457
0.0042109145
0.0050915987
0.005871161
0.005713964
0.0078409845
0.010045709
0.0129623255
0.015530097
0.015612223
0.021107962
0.021642214
0.029017393
0.033164844
0.040609144
0.031278133
0.032847863
0.028547565
0.030658621
0.027762951
0.03372939
0.031586897
0.02594222
0.021390667
0.024838032
0.024911514
0.02792803
0.02982225
0.047116805
0.036927734
0.035481058
0.04632212
0.034731142
0.03707479
0.033546533
0.035546377
