0.011077514
0.021495687
0.018536655
0.0141030215
0.020851519
0.025680346
0.02578944
0.02777759
0.030934563
0.030622266
0.029552937
0.023565806
0.023903767
0.03235956
0.036306076
0.060587935
0.09682172
0.090048894
0.13633189
0.14825983
0.14922956
0.07965717
0.090315774
0.07435815
0.06395376
0.04800971
0.046998728
0.021015115
0.022009252
0.015348383
0.012928284
0.009824817
0.0056406837
0.006145325
0.0046486193
0.0034112723
0.0045922133
0.0038685587
0.0043858606
0.0035990397
0.0034419717
0.0029967485
0.0037874847
0.0056317686
0.0043173437
0.004038078
0.0029913082
0.0027470498
0.0030476018
0.0026929867
0.0028163025
0.004576659
0.0027301642
0.0024195472
0.0024091478
0.0029868644
0.0021077953
0.0020455993
0.0023284878
0.0024949627
0.0026594854
0.0027949587
0.0038569423
0.0037784653
0.0037188986
0.0068404917
0.00710559
0.0059240116
0.0067114783
0.009056305
0.010408363
0.009590352
0.011526672
0.014643998
0.015651405
0.021241046
0.020996336
0.02416281
0.024182381
0.032242347
0.04175104
0.046077017
0.080592185
0.11359476
0.16957183
0.17661358
0.18478419
0.18352741
0.17764966
0.2529705
0.30132753
0.1820625
0.10266375
0.18251054
0.105492376
0.1884967
0.09425557
0.12981607
0.12644473
0.114796475
0.1380572
0.1302742
0.16023022
0.109742664
0.14739442
0.15007402
0.15254615
0.18737909
0.18001634
0.15064788
0.12811197
0.31221956
0.19934632
0.15294112
0.22370689
0.7910035
0.4598003
0.4886726
0.45767844
0.7533501
0.45584
0.32038534
0.77913827
0.67727566
0.3566822
0.12549038
0.6365045
0.5341559
0.25437552
0.11883968
0.13726038
0.11553161
0.10573921
0.082806975
0.08350762
0.042027384
0.1524534
0.12900712
0.13318518
0.0777861
0.66351825
0.3074251
0.16529839
0.32913578
0.22453892
0.08704875
0.049518142
0.07003598
0.054430638
0.04403039
0.032643955
0.042870067
0.052575756
0.08881902
0.060328774
0.14074802
0.073577866
0.13531445
0.04974734
0.17728962
0.10434151
0.26186806
0.10922008
0.07690635
0.09341736
0.13764372
0.104162775
0.074908905
0.116486944
0.0893742
0.11241896
0.08738611
0.09698811
0.0901721
0.11652807
0.0405443
0.11217047
0.10597133
0.09838844
0.068150476
0.1279123
0.10318301
0.17831016
0.07477301
0.1542895
0.106304415
0.04110984
0.09347367
0.10146379
0.083373874
0.066538826
0.07486361
0.08484175
0.110422716
0.14442731
0.14679389
0.14273572
0.1759669
0.38383794
0.19564672
0.29389897
0.3593717
0.3446307
0.1400474
0.12685497
0.13796249
0.059553027
0.052686088
0.091411725
0.06870753
0.034631032
0.021542866
0.03134097
0.022137595
0.010153456
0.010602659
0.01908805
0.007606319
0.005759657
0.00768412
0.0036478043
0.0027656066
0.0027553388
0.0027071957
0.0024061976
0.0024393618
0.002459399
0.002008507
0.0019842566
0.002400357
0.00267585
0.0026471599
0.004112237
0.0044704573
0.004592039
0.005891848
0.0073584695
0.005595276
0.004487158
0.0046500005
0.0051343036
0.0031221136
0.0017890536
0.0015471221
0.0015308196
0.0012186425
0.0011574875
0.00094976893
0.0009393709
0.00092187047
0.00091582054
0.0009539552
0.0009011316
0.0007937114
0.00082006335
0.00084568403
0.00092211954
0.0010185228
0.0011237513
0.0012200838
0.0014091798
0.0012378155
0.0014314988
0.0016002145
0.0019767964
0.0025554225
0.0032431076
0.0029798537
0.004468325
0.0032969161
0.0033624345
0.0033201738
0.002826372
0.0035498126
0.003087748
0.0030107568
0.0039219107
0.004175874
0.0044863503
0.0049948096
0.00568512
0.007776963
0.0060131876
0.0057451073
0.0050078672
0.0059299837
0.005109539
0.0048364853
0.0047669536
0.0062505673
0.004345868
0.0047661667
0.0056202286
0.007116989
0.0065984894
0.0063519585
0.008592587
0.005762355
0.0073900404
0.016084157
0.022502245
0.041051745
0.021653747
0.02589966
0.03005453
0.02686008
0.031073552
0.0317751
0.03759823
0.038876656
0.050765466
0.054910656
0.029243575
0.044477552
0.026811963
0.035807792
0.021751799
0.02156829
0.024634665
0.012318626
0.015966395
0.013605929
0.014478085
0.012119199
0.015521547
0.021863732
0.018557044
0.01119842
0.011904938
0.011902678
0.009537608
0.006267119
0.006557775
0.0049760872
0.0024679184
0.0023550752
0.002346039
0.00260038
0.0015836699
0.0025789163
0.0024816783
0.0023108192
0.0033623325
0.003526723
0.0048070285
0.004780303
0.006974107
0.007964202
0.0069317813
0.010543189
0.012963154
0.011376748
0.009918276
0.009895476
0.008675141
0.004563754
0.0060100784
0.0045039053
0.0033304745
0.0033668573
0.0026162646
0.0021440755
0.0016442459
0.0017348356
0.0017011719
0.001302942
0.0014011479
0.0014324985
0.0014376054
0.0011404239
0.0012794879
0.0011602849
0.0011726711
0.0010497036
0.0009923403
0.0011979595
0.0014200283
0.0018028677
0.0022365556
0.002161714
0.0039108633
0.003407695
0.0061284103
0.007107602
0.007618704
0.0072631454
0.008925111
0.015501166
0.01542682
0.031686656
0.052854206
0.023420632
0.042080402
0.03446483
0.048504476
0.03361058
0.047661535
0.05020513
0.04599064
0.03810515
0.04869349
0.044010103
0.058444805
0.058493022
0.053308193
0.046280727
0.043735947
0.03224915
0.04769241
0.04743602
0.09712288
0.063125335
0.063275546
0.08055453
0.055402886
0.049892522
0.04396274
0.04452362
