0.009519123
0.017670518
0.013777483
0.010534329
0.012170028
0.017106302
0.01472467
0.01716747
0.016886266
0.01311031
0.017153645
0.011343732
0.015218156
0.021235388
0.030559225
0.031602215
0.042745586
0.032794353
0.047316905
0.045253422
0.09089423
0.07540394
0.08176688
0.08254627
0.08156258
0.06667662
0.06795303
0.05389293
0.04734036
0.04368911
0.04376683
0.04635337
0.027812148
0.028319584
0.032277137
0.025783643
0.02891613
0.020560201
0.023799874
0.02035382
0.017047571
0.008937777
0.014646639
0.015395736
0.014254959
0.012006174
0.009412865
0.011600144
0.009257104
0.0055330284
0.0056638275
0.0040756385
0.003427994
0.0033159163
0.00296315
0.0034975286
0.0036275822
0.004422905
0.0030570014
0.0020573686
0.0015701805
0.0016236417
0.0017240109
0.0012273677
0.0013477787
0.0013369769
0.0014027541
0.0013808656
0.0015239699
0.0015716539
0.0015994954
0.0015121447
0.0019726043
0.0022533885
0.0021939143
0.0023324657
0.0031667766
0.0025455311
0.002809851
0.002959481
0.003598602
0.002821735
0.003354035
0.002273942
0.0019789604
0.0027034457
0.0019237421
0.0016861671
0.0015537093
0.0014050845
0.0014059077
0.0013142665
0.0013377074
0.0013726719
0.0013545525
0.0013709721
0.0017219138
0.0018165896
0.0015667187
0.0022408317
0.0030322631
0.0047504813
0.004719937
0.009237506
0.038138513
0.03585441
0.034835663
0.042205747
0.05814998
0.0479051
0.055069145
0.16575581
0.15905221
0.07768058
0.10922024
0.14872165
0.21649027
0.103013456
0.26884302
0.15855762
0.12671944
0.1466694
0.16757326
0.15516628
0.10560001
0.17217498
0.23960294
0.12936054
0.17645195
0.16804774
0.17710994
0.053097714
0.15421136
0.121629305
0.1721623
0.21783397
0.81907624
0.5245404
0.7184585
0.57105273
0.76482904
0.6160371
0.3779667
0.7989623
0.68352365
0.39937878
0.15497069
0.6377691
0.50159633
0.26648092
0.104268454
0.12972425
0.066117026
0.0817477
0.049560085
0.08078209
0.02343131
0.06941806
0.058928635
0.09444654
0.041923918
0.55880904
0.25585732
0.16361639
0.27762243
0.24072407
0.13564801
0.09136995
0.09243054
0.094883956
0.073899254
0.037010767
0.047331456
0.06508338
0.09546591
0.04818248
0.1044464
0.052611943
0.07663881
0.02252467
0.04552194
0.033857025
0.025921673
0.04515838
0.04875955
0.07367225
0.07699514
0.21677464
0.34055927
0.12243433
0.124589056
0.24223398
0.14032653
0.058053892
0.091602795
0.14111911
0.057068832
0.10010584
0.11952365
0.10269186
0.07260263
0.10409764
0.08838237
0.16892052
0.06299647
0.12392917
0.101783626
0.07566629
0.059622873
0.10761914
0.09897401
0.08611558
0.059913054
0.06855594
0.08847379
0.099604025
0.119090915
0.08514264
0.1157515
0.18979128
0.08222278
0.09707685
0.1052344
0.06841867
0.06543921
0.03974247
0.051304996
0.032985475
0.024737807
0.02093921
0.025708672
0.02195502
0.0100269765
0.010720967
0.011717154
0.0075293253
0.0040363003
0.0037305595
0.003011795
0.002298228
0.0019218809
0.0016710216
0.0015569333
0.0015662229
0.0015569364
0.0016654807
0.0013539483
0.001157794
0.0010934215
0.0012060198
0.0012077827
0.001185596
0.0014682288
0.001708296
0.0014881464
0.0017242145
0.0017528613
0.0015462126
0.0016145778
0.0015314975
0.0019270593
0.0014357488
0.0013058019
0.0013140986
0.0011674389
0.001029164
0.0009814206
0.00096736744
0.0008990596
0.00088257896
0.00092213094
0.00094501703
0.00086985296
0.00081982824
0.0008295402
0.0007282343
0.0007692797
0.0009576051
0.00093506416
0.0011470759
0.0014448329
0.001568601
0.0021679096
0.0024405548
0.002558577
0.003004647
0.003164706
0.0028408652
0.0031253728
0.002381264
0.0038329589
0.0040670712
0.0036293801
0.0042893034
0.008007379
0.0059958464
0.0057999827
0.008244792
0.010735507
0.0068339063
0.008586606
0.010230745
0.0116532575
0.025318341
0.018505804
0.012530941
0.016240167
0.02415784
0.013868955
0.023113035
0.035878666
0.031317517
0.0152884545
0.03301991
0.018124636
0.018498238
0.041271064
0.084177844
0.13417105
0.040363777
0.05494207
0.11913435
0.058006167
0.058504067
0.09507904
0.09182361
0.07027559
0.0875885
0.10020031
0.069502234
0.06070852
0.041646224
0.060380425
0.03714425
0.027935632
0.025014365
0.01577571
0.013642725
0.0116890315
0.01150375
0.008412429
0.008851291
0.011589755
0.012398981
0.007251489
0.009413479
0.008587528
0.0064796624
0.0037072848
0.003958083
0.0038794244
0.0020826892
0.0023671316
0.0024973608
0.0021947266
0.0023692641
0.0039032525
0.0051774234
0.0033728275
0.0037104154
0.005213491
0.0054709194
0.0045109703
0.0051990515
0.0060543907
0.006218286
0.004835106
0.0049217073
0.0049037393
0.0029998145
0.003605499
0.0024904287
0.0020243572
0.0015549096
0.0014154345
0.0011878773
0.0010682915
0.0010259765
0.0010605671
0.00092913705
0.0009844454
0.0010737793
0.0010812104
0.00096675014
0.0010802293
0.0009822246
0.0010515723
0.0009782969
0.0009850074
0.0011248384
0.0013142595
0.0013827329
0.0017453757
0.0016381704
0.0023255642
0.0028268034
0.0037453405
0.0036229866
0.004857906
0.006126064
0.005500341
0.0088539645
0.0110413665
0.01067181
0.022855248
0.016543066
0.021655696
0.020758126
0.02660832
0.027481942
0.030658467
0.02881668
0.034609534
0.021439172
0.02261929
0.01624262
0.01960094
0.018279871
0.02073453
0.020687923
0.012673664
0.010182963
0.009183236
0.0077504786
0.016934311
0.01344252
0.014507425
0.022559406
0.0255636
0.023300463
0.016370475
0.02115409
0.02083442
0.015736394
0.0204117
0.025112763
0.02333755
0.019750213
0.028332355
0.023336735
0.014993297
0.018204397
0.018990275
0.018780774
0.017648118
0.020776028
0.022822035
0.023248909
0.023757346
0.027861647
0.032350585
0.019663926
0.022566274
0.024808008
0.02844299
0.0241525
0.024380488
0.025799911
0.02259751
0.0239521
0.018046528
0.017950552
0.020064117
0.019317659
0.020297201
0.017726125
0.0152270915
0.0132757425
0.017693179
0.0181564
0.01833562
0.017904118
0.018039145
0.020106839
