0.005221612
0.008256447
0.0064754304
0.0045634164
0.0059782527
0.0058246464
0.0064611603
0.006556896
0.010878202
0.010266862
0.011176555
0.010452798
0.012030095
0.015025726
0.016916094
0.030342216
0.04968113
0.034214385
0.07199757
0.11117833
0.13408063
0.1035819
0.13384072
0.14960304
0.101602934
0.08717747
0.08583098
0.05087532
0.04016944
0.027951302
0.020323409
0.010949193
0.012901494
0.01179705
0.010843349
0.008050506
0.011162273
0.009959214
0.005390015
0.0050940826
0.0065907612
0.0056717875
0.0041384483
0.0053835534
0.006550969
0.0039743437
0.003237271
0.0049670315
0.0042441497
0.0030407857
0.0039691282
0.003182759
0.003492784
0.0032323601
0.0034312224
0.00260527
0.0024982637
0.005004768
0.0041475943
0.0045604627
0.006176378
0.005414406
0.0041429
0.003888608
0.0047781942
0.0038092267
0.0043077287
0.0043674842
0.0044383076
0.0052063316
0.010336881
0.009015251
0.021678783
0.016892212
0.017365865
0.009791118
0.016013384
0.011975895
0.011433495
0.016963048
0.016156057
0.018485289
0.022743138
0.049595226
0.06571167
0.05996386
0.09499534
0.08523796
0.092806764
0.10107155
0.09750569
0.13644122
0.16378334
0.10977943
0.18241376
0.13416964
0.22254962
0.10780759
0.2110038
0.08658514
0.15953788
0.16188125
0.12665798
0.12225155
0.10184615
0.14123614
0.1304106
0.10971546
0.11630258
0.12491219
0.20204233
0.26402813
0.14299968
0.24796276
0.36560825
0.7589061
0.3065622
0.57770604
0.5055703
0.7197148
0.594674
0.39371565
0.8190399
0.6873319
0.42728114
0.13700841
0.675368
0.56807977
0.18795232
0.07615965
0.190058
0.111255
0.08086495
0.086588085
0.18393402
0.048175108
0.097241655
0.20211054
0.10293426
0.115295336
0.49064496
0.1585595
0.07402529
0.20215757
0.1780903
0.118548185
0.09182941
0.12532996
0.31713104
0.112325326
0.073442966
0.066840306
0.14286323
0.15867238
0.06412931
0.099260435
0.08579657
0.09539007
0.032590438
0.13118798
0.08164305
0.17267513
0.082618915
0.0526219
0.097260535
0.18699549
0.12411547
0.07143109
0.120443426
0.11539834
0.13709196
0.13942596
0.14944932
0.11862069
0.16767256
0.08500684
0.14768247
0.097706825
0.10841026
0.088745184
0.13407128
0.09458615
0.132669
0.07660757
0.21776818
0.11085884
0.06715249
0.20165437
0.09727004
0.14386845
0.157644
0.0679773
0.094955936
0.08223057
0.12439195
0.09199191
0.09253651
0.13392739
0.2708821
0.1659058
0.23514041
0.29829493
0.4145001
0.18666126
0.11833275
0.17716706
0.15125176
0.05505634
0.112603724
0.09997348
0.033776324
0.015811458
0.032477435
0.020184608
0.01174438
0.014099693
0.019752301
0.010389481
0.008294791
0.008741376
0.0038849935
0.002955315
0.0019453558
0.0022541604
0.0016272515
0.001267222
0.0013948068
0.0018531951
0.0018554494
0.001805616
0.0018229019
0.0017134724
0.001590134
0.0017332324
0.0016041062
0.0021449672
0.0018504497
0.0016601533
0.001903416
0.0021549053
0.0014951505
0.0012813263
0.0012414426
0.001252746
0.0010107403
0.0012127981
0.0014033407
0.0011389263
0.00095186615
0.0012737062
0.0013310943
0.0011470185
0.0014367178
0.0016549943
0.002159365
0.0014860993
0.0013866521
0.0017433073
0.0021199035
0.0014016151
0.0013345781
0.0017070326
0.0012436126
0.0012495036
0.001283105
0.0013067255
0.002320026
0.0035270115
0.004763297
0.0049860724
0.004548171
0.004688251
0.00515803
0.004616754
0.007176362
0.0056726616
0.0055775945
0.0070468187
0.0073800604
0.0071053375
0.0069642896
0.0073352223
0.008599296
0.007562751
0.006740346
0.0070731826
0.0065095685
0.0050630597
0.0052346312
0.0044845003
0.0071587446
0.0064342637
0.0065260692
0.007871339
0.011445423
0.018115574
0.01511839
0.02240139
0.040826518
0.049991485
0.04105454
0.05045586
0.048286475
0.04582237
0.05230264
0.05589587
0.07009246
0.051969875
0.08496097
0.08756559
0.061056677
0.07454288
0.054988217
0.072931245
0.045378536
0.04015282
0.042112514
0.028553182
0.02655937
0.026433127
0.023621578
0.021039192
0.02226474
0.03854295
0.044679567
0.020013321
0.026762748
0.024852948
0.03194337
0.012531649
0.015459364
0.014991409
0.010595129
0.014148263
0.014412405
0.013791239
0.013776597
0.016285496
0.022043569
0.018388031
0.0152234305
0.01617585
0.017888747
0.017381145
0.015364549
0.028970083
0.014926977
0.015893454
0.013318084
0.014303452
0.0127552245
0.013299907
0.009179666
0.01181655
0.008736501
0.008510547
0.0053804554
0.0055019297
0.0054257466
0.0061007477
0.008871481
0.004940263
0.006256088
0.0061122836
0.006884178
0.006731554
0.00511079
0.0042797527
0.005824577
0.0073269736
0.0057557262
0.007347951
0.012555877
0.012478911
