0.01427735
0.03139864
0.031423025
0.021647869
0.03684422
0.038724054
0.03592194
0.036382165
0.033112824
0.02970316
0.03383022
0.023061091
0.025959117
0.03294366
0.041080397
0.054525804
0.094269164
0.08869233
0.08251085
0.101391904
0.14272681
0.11037926
0.12128726
0.15459871
0.14771932
0.1088847
0.11059028
0.087240055
0.0715349
0.051510062
0.060579464
0.045855947
0.027336344
0.028738685
0.057367906
0.018663177
0.014321292
0.008268122
0.01851894
0.007016628
0.0034648143
0.006189968
0.0077223517
0.0038268098
0.004434839
0.005456792
0.005247335
0.0034322615
0.004523351
0.007581291
0.004891882
0.0046673883
0.005430244
0.0038988614
0.005829947
0.0052894414
0.0068516675
0.008344439
0.011747717
0.013574486
0.014505686
0.043928184
0.07414152
0.07387527
0.107527494
0.09364109
0.13113317
0.13415559
0.117481634
0.15973158
0.16899462
0.1184538
0.18183723
0.1387423
0.20945299
0.10851143
0.23105681
0.13021015
0.13468637
0.15133567
0.17597684
0.15716211
0.12853165
0.19045897
0.29304615
0.16174817
0.19914573
0.21193027
0.2264862
0.12550427
0.17261846
0.16752921
0.18279463
0.1852563
0.5172186
0.23330499
0.2428613
0.08302391
0.22063786
0.107835665
0.17032179
0.20527992
0.36018065
0.26870322
0.35640648
0.26606193
0.38983998
0.24282485
0.14974135
0.13961108
0.13914421
0.15426476
0.1438876
0.10468236
0.08002854
0.1209465
0.13242896
0.09872345
0.07705522
0.074708335
0.06892162
0.09432434
0.08344963
0.09254452
0.05558954
0.12928422
0.12988862
0.13074271
0.08749934
0.6317573
0.38216302
0.21121572
0.29575428
0.21857834
0.12056852
0.09530036
0.09904045
0.085973985
0.06828827
0.047059204
0.055541225
0.058587473
0.10180582
0.06848925
0.15207827
0.0891738
0.14816546
0.073787026
0.20677233
0.14678341
0.2951535
0.13631259
0.10203483
0.10537099
0.1392861
0.11393645
0.09231648
0.14245036
0.13947396
0.16084324
0.2128845
0.1450597
0.13772747
0.19168994
0.038660258
0.11445757
0.12698685
0.11032663
0.054372147
0.14408453
0.113444164
0.21895035
0.054251432
0.1879189
0.1615564
0.068409935
0.10592078
0.1373553
0.09507646
0.08346687
0.047797732
0.055140402
0.13034812
0.15831342
0.115332946
0.1188618
0.14436738
0.42568636
0.21078445
0.27438807
0.29942745
0.41175228
0.11883918
0.08861921
0.13943647
0.111524895
0.04079725
0.06619382
0.07396615
0.03362601
0.018091595
0.031552155
0.024000663
0.012941556
0.01410434
0.025609748
0.012535314
0.010428864
0.012527632
0.0072846413
0.0049655237
0.0049474835
0.004426787
0.0037323425
0.0033949774
0.0028243742
0.0025015587
0.0021298362
0.0021923522
0.0025059723
0.0020506517
0.0021800874
0.002725781
0.0025226357
0.0026812942
0.004458828
0.0033274654
0.0030538002
0.004806059
0.006161162
0.0028673685
0.0021600504
0.0020550184
0.0022771044
0.001432677
0.0014908918
0.0015669874
0.0013159787
0.0012277447
0.0013545319
0.0011666529
0.0010786123
0.0010882413
0.0011415206
0.00094421057
0.0011755516
0.00121404
0.001352443
0.001731415
0.001979729
0.0023948585
0.0031332166
0.0029550043
0.0042621004
0.003906851
0.0058652274
0.006694737
0.0077536
0.0076000555
0.006911374
0.0049203667
0.006694779
0.004936807
0.0044491505
0.0055553303
0.00707805
0.0061887363
0.0049867965
0.0057983687
0.0074535
0.005665439
0.0049389624
0.004470918
0.005268461
0.004453654
0.004978253
0.0055273273
0.005571132
0.004248206
0.004707338
0.007993698
0.015615968
0.011077581
0.008747923
0.019598898
0.011552447
0.013395439
0.028023334
0.059733577
0.09801464
0.046533186
0.07543613
0.12370892
0.06413944
0.06940755
0.1095567
0.104891375
0.07407754
0.0966343
0.11680173
0.08286813
0.075712994
0.05147792
0.07700502
0.045384303
0.041395165
0.04308209
0.032045964
0.027235048
0.020591093
0.021778753
0.019340627
0.017622467
0.02177009
0.020230085
0.013066751
0.015941413
0.015984476
0.01550822
0.007962424
0.009427567
0.005523942
0.005386506
0.006136815
0.0061155837
0.0047301
0.0048488737
0.0052339733
0.0066460343
0.005542432
0.007348494
0.007381007
0.006300784
0.0052947253
0.00437221
0.004361572
0.002897778
0.0036172522
0.0026250677
0.002093404
0.0020427862
0.0016671283
0.0013206349
0.0013899826
0.0013936814
0.0015010422
0.0011351255
0.0013058578
0.0012194088
0.0014502053
0.0013889399
0.001558939
0.0013746918
0.0014639705
0.0012672836
0.0012343093
0.0013819048
0.0016660905
0.0017632288
0.0020656
0.0020634534
0.0026221767
0.0027167446
0.0042694467
0.0051282058
0.0052098054
0.0056662075
0.004851265
0.0064790854
0.007970433
0.0072367843
0.01564307
0.015713116
0.0129168
0.01388399
0.022012629
0.025370957
0.028802507
0.025315823
0.035341706
0.029124865
0.030210957
0.029908268
0.048697773
0.045638647
0.03764291
0.032854434
0.038639862
0.027044322
0.038741596
0.03789448
0.07727669
0.052372124
0.05153217
0.06367598
0.044894762
0.041943938
0.03698832
0.038821425
