0.014079994
0.029129583
0.025660392
0.018700391
0.03635608
0.036128186
0.028653253
0.027872369
0.030372199
0.023959046
0.024313625
0.018183894
0.019457968
0.018420972
0.026742721
0.030790314
0.0452144
0.039211098
0.04286893
0.03386548
0.05461587
0.041742038
0.05660367
0.06610784
0.04235808
0.03565482
0.03531999
0.015278738
0.01650751
0.011930835
0.011117373
0.008975316
0.0064713242
0.006482475
0.006408884
0.004072783
0.004239266
0.0030087482
0.0060280086
0.0044154995
0.0030323064
0.004609489
0.005516542
0.0050977184
0.0067346785
0.007330134
0.008725668
0.0058887484
0.008352582
0.012960415
0.011339695
0.011413447
0.01114114
0.006933524
0.012475299
0.010591485
0.013105591
0.017490126
0.020038258
0.02806689
0.028173989
0.07473904
0.08817735
0.09207579
0.13600671
0.10939131
0.14270708
0.1619484
0.13506451
0.16534528
0.18065648
0.13424055
0.1863445
0.13583052
0.21070679
0.11163025
0.22675277
0.119981274
0.14057977
0.15422104
0.17952424
0.15782191
0.13190912
0.1919638
0.3163892
0.15903375
0.18561049
0.19572474
0.20828164
0.10448977
0.1243523
0.11243782
0.12518072
0.09712054
0.24838455
0.08993713
0.12419531
0.06659824
0.2076899
0.13126762
0.17814602
0.33398733
0.5070552
0.42510784
0.3943948
0.26988202
0.41662046
0.28306934
0.14390677
0.14571868
0.14980783
0.1632219
0.16273695
0.12158879
0.08654648
0.12563182
0.12219811
0.10280291
0.078443944
0.072907425
0.06919979
0.09641573
0.08436474
0.09196224
0.056483325
0.13196139
0.12697361
0.12937385
0.09180734
0.63392013
0.3739714
0.21372014
0.28862062
0.20696592
0.11251076
0.09072188
0.09675704
0.083960705
0.06977814
0.047508273
0.05657648
0.062025424
0.10064574
0.067333885
0.14291233
0.09364328
0.14017352
0.07386346
0.220576
0.1534022
0.30365786
0.16543451
0.11172009
0.10865168
0.14353874
0.11205405
0.07586878
0.10911648
0.094417386
0.12470547
0.07176131
0.12571128
0.13199888
0.12351519
0.036070146
0.1563323
0.11089146
0.08596581
0.062081404
0.17242488
0.09441221
0.1225095
0.043358047
0.15080889
0.08789865
0.045690328
0.12081917
0.14771491
0.13009487
0.15691882
0.09786858
0.10144353
0.16009803
0.21874264
0.19598551
0.17032899
0.18180344
0.51164
0.26796502
0.30218393
0.31714013
0.40417147
0.1393362
0.100682974
0.14808346
0.1329043
0.053918127
0.07166013
0.09756176
0.038870633
0.019398231
0.038827565
0.027992103
0.014990396
0.014671443
0.03351005
0.012100175
0.008387486
0.010242766
0.00514026
0.0032177365
0.002431091
0.0021046093
0.0016048301
0.0013349595
0.0015255809
0.0015114911
0.0014166058
0.0014854677
0.0016715355
0.0017707244
0.0017766402
0.0020730214
0.0019623516
0.002190639
0.0037629749
0.0029299883
0.0028640765
0.004124922
0.0060439925
0.0035788266
0.002427585
0.0022544994
0.0025179104
0.0015274851
0.0016685487
0.0013508996
0.0011986397
0.001095632
0.0011526902
0.0009787836
0.0009762876
0.0009223014
0.0008648488
0.0007947403
0.0009476299
0.0009604714
0.0009932796
0.0011748536
0.0012389154
0.0015432613
0.0017043354
0.0020571982
0.0033634189
0.0030116173
0.00395229
0.0042940388
0.004905611
0.0050335433
0.00445447
0.004452165
0.005963511
0.0055227946
0.00529114
0.0072632693
0.0070999805
0.0066774874
0.0061691524
0.0075305193
0.009504688
0.007823561
0.0066971667
0.0062074345
0.008138123
0.005769851
0.0063702525
0.0058753896
0.0071497858
0.0056797205
0.004395505
0.007773096
0.009611822
0.006534456
0.0067638573
0.013919851
0.010664931
0.009185705
0.022846848
0.051705472
0.085839815
0.045727372
0.08169962
0.120348
0.066421665
0.080592066
0.09840371
0.0963509
0.07035386
0.09253748
0.11490913
0.075999066
0.067582406
0.04982293
0.07121657
0.042563137
0.04013131
0.04291405
0.03040883
0.027503436
0.022093726
0.02510191
0.021825522
0.021731768
0.028831309
0.028001525
0.015760496
0.017712856
0.020488124
0.020817073
0.009717416
0.012046445
0.008992646
0.005960882
0.0068706754
0.008073237
0.0060731806
0.0061221546
0.007774226
0.009854536
0.008154254
0.009277546
0.010736104
0.008684171
0.0063978075
0.006156329
0.006143491
0.003133291
0.0038817434
0.002671062
0.0021272313
0.0019016677
0.0014741789
0.0012587586
0.0012692412
0.0012782174
0.001372106
0.0011038907
0.0013226363
0.0012922013
0.0015766834
0.0015499945
0.0017564027
0.0015290466
0.001599188
0.0014540089
0.0015648685
0.0015838282
0.0019766628
0.0020150822
0.002241621
0.0023340788
0.0031074157
0.0029707472
0.0043311114
0.0057886355
0.005320168
0.005707106
0.0051836995
0.006497956
0.008705877
0.008439748
0.019196363
0.017995847
0.015642129
0.01680226
0.022260971
0.023740023
0.031244703
0.026540786
0.037382804
0.028461406
0.029824585
0.027877783
0.046189554
0.04417066
0.038176715
0.032502048
0.040190812
0.027254965
0.04062973
0.038320534
0.07811913
0.05219597
0.052698072
0.0639127
0.043634135
0.04089093
0.036874637
0.038679756
