0.011371816
0.021979762
0.017056528
0.015919855
0.02277038
0.02842119
0.026760176
0.03461049
0.027129548
0.021694595
0.023416085
0.021341493
0.021868605
0.024349315
0.03056164
0.044632617
0.062198903
0.06376671
0.07916773
0.079493605
0.0922705
0.08000007
0.08098031
0.078408316
0.07992982
0.06461013
0.056733802
0.032905202
0.039762713
0.026736505
0.019184416
0.016018787
0.011004096
0.009666404
0.0072518084
0.006974913
0.010152234
0.0055917227
0.007107491
0.007951302
0.005525579
0.0035252084
0.004450513
0.007207406
0.0055687074
0.004151926
0.003699097
0.004171869
0.0034973375
0.002386812
0.0027067813
0.0023164416
0.0019232077
0.0018619443
0.0018935277
0.0016438155
0.0016732614
0.0018354065
0.0016909617
0.0015708177
0.0014177366
0.0016657693
0.0018327911
0.0018426786
0.0021124603
0.0028126556
0.0029029204
0.0041765543
0.0056460514
0.008452566
0.00952805
0.010875283
0.015258048
0.017321056
0.01453224
0.015391659
0.013086326
0.014027717
0.0124967
0.01351587
0.012022033
0.013170233
0.012788646
0.013515247
0.03522243
0.07028101
0.11283595
0.11418309
0.08850227
0.111416325
0.1349784
0.10851844
0.18486139
0.1901102
0.12561503
0.1603591
0.15945889
0.22517127
0.12609704
0.3644713
0.1880252
0.15987313
0.15464932
0.16120984
0.1584044
0.113771826
0.13804688
0.14326675
0.13081901
0.16070694
0.13334996
0.12534739
0.083483614
0.20272537
0.16045485
0.20477402
0.35623574
0.85764426
0.599051
0.7481967
0.61919016
0.78880334
0.49331903
0.458929
0.8293511
0.68832815
0.37578174
0.1657195
0.65631086
0.55621165
0.3528746
0.14304216
0.1965772
0.11463375
0.13224664
0.12077972
0.10105037
0.053297225
0.1806382
0.15306687
0.13393347
0.09991887
0.66088295
0.28872243
0.15932775
0.28624454
0.18761013
0.0868439
0.051786568
0.067191385
0.058662646
0.046192806
0.035314027
0.043838393
0.052272297
0.096064754
0.06086571
0.1397831
0.0762023
0.1347098
0.044950984
0.17525007
0.110971294
0.2440639
0.10256311
0.07184723
0.09700557
0.13624617
0.1110346
0.087472945
0.15203771
0.14380193
0.16507348
0.25047728
0.17009541
0.19190668
0.19359833
0.069498286
0.15892878
0.13777032
0.114044994
0.078611225
0.1473204
0.12701817
0.17228849
0.07225438
0.22590946
0.16347674
0.0864526
0.14739935
0.16589628
0.13643403
0.1354207
0.11769587
0.085658155
0.11272528
0.15324098
0.14312792
0.112583704
0.13561434
0.32764077
0.14008752
0.16239041
0.25508985
0.2915522
0.093887985
0.05370641
0.11078718
0.061837193
0.026312953
0.046393055
0.052317698
0.021148367
0.014953223
0.02457568
0.016581114
0.0063164984
0.007111365
0.011791175
0.004311299
0.0034427322
0.004887896
0.0024744174
0.001848067
0.0020022315
0.0020733923
0.0015377634
0.0011193373
0.0014771296
0.0016107468
0.00145795
0.0016306265
0.0022879655
0.0025727907
0.0022296868
0.0025529976
0.002571888
0.003035462
0.004102311
0.0031080921
0.0027287938
0.0034579309
0.0040170527
0.0027002066
0.0014889118
0.0013185537
0.001302787
0.0010420048
0.0009858734
0.0010052272
0.001010855
0.0009815538
0.0009693174
0.0009009372
0.00091226905
0.00087493187
0.0008241919
0.00086311094
0.00079060247
0.0008937752
0.00094121596
0.0009925134
0.0010616675
0.0010849125
0.0013487437
0.0016440189
0.0018717662
0.0018291536
0.002024942
0.0021542513
0.0022009602
0.0022789077
0.0018187818
0.0020335142
0.002001717
0.0027844368
0.0027089743
0.0031519006
0.0051073674
0.00472891
0.004942099
0.004739447
0.005106183
0.005782491
0.0047742142
0.0045939093
0.005111881
0.005655332
0.008902805
0.0075241076
0.0059807273
0.008388664
0.0090345275
0.0056209587
0.0108736055
0.016517855
0.014306309
0.0068706884
0.014766554
0.010798541
0.011338578
0.029173322
0.05396623
0.10785911
0.04115626
0.043028142
0.0870676
0.04815443
0.050532162
0.08438744
0.07137601
0.064911485
0.0922701
0.11228255
0.0651676
0.085409276
0.058511596
0.08372621
0.047614854
0.049402066
0.051752325
0.03750756
0.03757182
0.030666983
0.036410544
0.027630394
0.031427976
0.037426703
0.04919184
0.021903403
0.02315643
0.021191685
0.03004084
0.019413838
0.020434774
0.017490372
0.012127702
0.010474428
0.009044719
0.0084037855
0.0052235313
0.009497934
0.009025123
0.008593546
0.0074928435
0.010009218
0.009163087
0.008690557
0.012074011
0.012165333
0.010003828
0.014967452
0.016571693
0.01172646
0.011072045
0.013238459
0.014200501
0.0073205433
0.009583063
0.007506676
0.005416979
0.0048418446
0.0038869588
0.0032327566
0.0024017205
0.0026565897
0.0027845611
0.0020329694
0.0020626257
0.0020930984
0.0024543656
0.0018385883
0.0018853596
0.001515805
0.0013408189
0.0011616816
0.0012533941
0.001394646
0.0017281214
0.0022106469
0.003355199
0.003200601
0.0044902177
0.0038336837
0.007198046
0.00800533
0.008607203
0.009690916
0.0101878755
0.01730758
0.019087194
0.027379297
0.04304503
0.021990743
0.03317203
0.033171784
0.04157119
0.03438803
0.040488616
0.041318428
0.042518757
0.032948535
0.042608436
0.036330428
0.04655722
0.043079965
0.039662845
0.0332858
0.033761278
0.027376996
0.04186043
0.04374325
0.09334056
0.05956363
0.060978513
0.07661674
0.05193668
0.045731492
0.03938926
0.04142662
