0.005170762
0.008018431
0.0050897705
0.0043118945
0.0061775376
0.0058784434
0.007802761
0.0110351825
0.01156893
0.009508414
0.012131473
0.012206253
0.014420183
0.021991635
0.023287315
0.039558344
0.049606714
0.056614086
0.06406303
0.059227593
0.07290145
0.048498843
0.056128882
0.061446693
0.056705438
0.050723683
0.038004052
0.028995985
0.039432243
0.02387779
0.020422906
0.026095055
0.016156655
0.014387311
0.0080152275
0.009772588
0.009804788
0.0057384623
0.0062209214
0.006631839
0.003376006
0.002582724
0.004876577
0.0053515467
0.0027302552
0.0033913092
0.00400249
0.003620655
0.0031995394
0.003372196
0.0030483
0.0025173451
0.0018530524
0.0023521194
0.0025083045
0.0020041561
0.0029691756
0.0047869775
0.0024981925
0.0027878652
0.0024726738
0.0028934386
0.0025616211
0.0037316247
0.00477544
0.0028393974
0.003393529
0.004809205
0.003948884
0.0058699585
0.0057215593
0.007355503
0.004558359
0.0076709767
0.006998975
0.0044876346
0.0059168944
0.0042597414
0.0031103091
0.003165085
0.0029042386
0.0023083033
0.0024641133
0.0036833948
0.0050442195
0.004312902
0.011553226
0.029481113
0.036581136
0.04052034
0.03903502
0.05508658
0.08691917
0.07278415
0.13185239
0.14304167
0.08607547
0.12384135
0.10751483
0.13522717
0.08605203
0.14319853
0.111605205
0.110626295
0.11410084
0.12150927
0.15105838
0.11800501
0.14594571
0.12611753
0.14870602
0.17832235
0.15345116
0.1502762
0.15886973
0.22537136
0.17416264
0.18631692
0.31167886
0.7428074
0.40063095
0.52669483
0.55926514
0.7072776
0.48201692
0.43440148
0.80099887
0.61897236
0.4437198
0.21842954
0.6695165
0.46368986
0.40009072
0.20127113
0.16395113
0.11887509
0.12478574
0.076929174
0.09331712
0.055135384
0.13873664
0.14914572
0.16746615
0.081967585
0.67079705
0.27641106
0.17952877
0.26710206
0.22288011
0.16756672
0.08629035
0.09081412
0.07804484
0.063454926
0.04412335
0.04776909
0.06602663
0.12058031
0.06262562
0.09864184
0.07653359
0.085088596
0.03445139
0.086083606
0.091811515
0.05286163
0.060755793
0.07373635
0.081094235
0.09250737
0.22981511
0.37733245
0.21489953
0.26474318
0.19520874
0.48310715
0.34174365
0.24492893
0.3962023
0.26202813
0.30124912
0.19317275
0.15949224
0.14767805
0.39974773
0.20425935
0.47760084
0.122901306
0.33862254
0.25701016
0.1543838
0.10965963
0.18155965
0.1563223
0.12148115
0.043354884
0.056464117
0.049220283
0.07588426
0.09002613
0.1034006
0.13781247
0.23375954
0.16853796
0.15002719
0.20739128
0.28323376
0.08265221
0.08389311
0.115005575
0.139032
0.039186925
0.080735184
0.08645316
0.049621396
0.029606465
0.03599272
0.029650996
0.01729528
0.013637047
0.01758077
0.0077720378
0.0057272916
0.004981653
0.002724958
0.0021969185
0.0017607068
0.0012648995
0.0011601135
0.0010411355
0.0011030276
0.0009948413
0.0011043614
0.0011439644
0.0011976846
0.00124855
0.0013526542
0.0012825344
0.0013763359
0.0015322741
0.0020398274
0.0014959017
0.0015874179
0.0015368632
0.001658403
0.0015017728
0.0012563672
0.0010994693
0.0011684786
0.001026456
0.0009845692
0.0009355133
0.000977864
0.0009267163
0.0009431622
0.0008999964
0.0009917344
0.0007889509
0.00073651975
0.0007609661
0.0008764279
0.00091090973
0.0010913153
0.001256362
0.001943518
0.0028748412
0.0020306855
0.0029946875
0.006033231
0.0043933666
0.00430817
0.0036933408
0.003538419
0.003731396
0.0032868532
0.0034779597
0.0028238948
0.0038039773
0.0032133046
0.004077844
0.005252275
0.006040902
0.007791001
0.005880469
0.005424293
0.006703955
0.0051733577
0.0051965066
0.005024777
0.0067309416
0.017841827
0.017420882
0.010993168
0.01943191
0.022447444
0.011801014
0.026335184
0.042198617
0.031620886
0.012324614
0.02734563
0.016376972
0.014234665
0.0285204
0.056830734
0.0694677
0.027320122
0.038589183
0.05687009
0.034474667
0.04159827
0.06478226
0.067072995
0.04595724
0.069512874
0.10693767
0.05585864
0.06551695
0.047517013
0.07320356
0.04188643
0.040823326
0.04346299
0.027780654
0.025879156
0.02438675
0.025876846
0.023190584
0.02365818
0.036790363
0.041150276
0.020097325
0.025617177
0.020583931
0.030135911
0.016531922
0.014718279
0.011321582
0.007897015
0.006418152
0.005289012
0.003537252
0.0043086982
0.004759241
0.0064925128
0.0053591845
0.004796815
0.005645219
0.0069581727
0.0067380294
0.007855384
0.006185467
0.0069899303
0.007453913
0.008708325
0.008097594
0.0061041173
0.007838711
0.004757471
0.005576878
0.0032356344
0.0026993963
0.0023126593
0.0016609224
0.0014367569
0.0012004074
0.0011582673
0.0012729373
0.0010571681
0.0011638503
0.0011842427
0.0012234476
0.0010897799
0.0011899123
0.0010705211
0.0010862806
0.0009734761
0.00097376644
0.001053898
0.0011980262
0.0012649278
0.0018724558
0.0017875589
0.0025598356
0.0025498085
0.004045775
0.004470226
0.00482092
0.0050582676
0.004831065
0.007073246
0.008065604
0.011717971
0.016670143
0.013158402
0.019974172
0.021831702
0.028877297
0.02639221
0.032903
0.030561516
0.034337543
0.02746813
0.025422405
0.03005952
0.04072241
0.038566492
0.029470569
0.024249852
0.03026823
0.021836368
0.030142967
0.031760626
0.056987096
0.04503827
0.042880338
0.052688953
0.03849218
0.038485173
0.035435233
0.035586774
