0.029009156
0.040327866
0.06922984
0.06437713
0.0744646
0.07203646
0.08374582
0.085083246
0.10344349
0.07304362
0.075615905
0.053866822
0.05521534
0.03773803
0.044830013
0.06694165
0.06068394
0.07262402
0.052366845
0.047673702
0.07087465
0.09233166
0.082966685
0.08334899
0.1030909
0.100361235
0.05858059
0.05597439
0.06334356
0.072294444
0.041588802
0.035752714
0.052721214
0.047872856
0.0470399
0.052828025
0.034981176
0.025562327
0.025432413
0.019267967
0.01840097
0.02244349
0.014102504
0.013872868
0.014559191
0.014169528
0.016268363
0.013074383
0.017486047
0.015872682
0.014875705
0.015978409
0.02221441
0.015890561
0.01570926
0.014475689
0.015741343
0.017459802
0.023740785
0.028239826
0.04321005
0.038737778
0.05521227
0.08207092
0.11675521
0.08360289
0.10103331
0.10525443
0.08604048
0.07814251
0.06774319
0.04295167
0.033134706
0.029179778
0.02317551
0.018809784
0.019700212
0.01570452
0.012043256
0.008310582
0.008388176
0.0050252397
0.0051946365
0.004183549
0.00509364
0.0047660805
0.0034747433
0.0037730522
0.0047073113
0.004108226
0.0025088058
0.0035728698
0.0032307457
0.0022910938
0.0026254533
0.002124401
0.0023485336
0.0018902959
0.0021037054
0.0019223309
0.0017067549
0.0019417892
0.0016941837
0.0018794701
0.0020476435
0.0017493381
0.0017998813
0.0017551658
0.0018732696
0.0019085086
0.0025673758
0.0028911503
0.0026572137
0.003502102
0.007987594
0.006646434
0.010149771
0.010580333
0.010478645
0.006593584
0.007865186
0.0065451004
0.00784209
0.009988893
0.009298875
0.011203247
0.0123433815
0.03493308
0.046305653
0.047068123
0.07660578
0.07473715
0.095619336
0.1062795
0.10520349
0.1528721
0.1935011
0.11088509
0.1877356
0.12878779
0.22498922
0.097392075
0.19730589
0.0565956
0.13959394
0.14190389
0.097213745
0.09702098
0.08429213
0.11553108
0.09521887
0.07149042
0.07812362
0.07202072
0.14036174
0.21000095
0.10190776
0.2006702
0.32552
0.7657631
0.28523245
0.5502848
0.48213726
0.70978147
0.5761366
0.36114368
0.8101034
0.6612749
0.4026739
0.11654545
0.6698202
0.5498841
0.15507585
0.06570897
0.157937
0.08957871
0.06590538
0.06587637
0.14641634
0.036358032
0.07149866
0.16113883
0.06792351
0.07991574
0.44808483
0.122722626
0.060277678
0.15422931
0.12802522
0.08664333
0.061395
0.08935659
0.2813207
0.10331669
0.06537395
0.061721053
0.1375019
0.14600316
0.0564346
0.086652026
0.07218479
0.081056856
0.030185036
0.109325014
0.06918076
0.13278148
0.06796188
0.041244507
0.076321885
0.1440328
0.096240565
0.05337477
0.09308234
0.094294906
0.11206875
0.10996378
0.117141254
0.09582472
0.14287916
0.07155215
0.12922908
0.08062484
0.08605128
0.0759201
0.11519907
0.07271412
0.107944965
0.06687052
0.18360566
0.0961248
0.06604452
0.18191727
0.08204286
0.14612441
0.16154297
0.058624264
0.09651157
0.09364161
0.09995142
0.06255605
0.081010304
0.12409495
0.24010687
0.13879383
0.20753206
0.3014586
0.27428594
0.09436656
0.07103124
0.08871449
0.0726547
0.033497036
0.056061573
0.059775263
0.019462226
0.011157042
0.025824025
0.011931364
0.0065480904
0.009020539
0.010129829
0.0051477174
0.0048096157
0.00558697
0.0024315848
0.0019799778
0.0017398834
0.0018805125
0.0013082705
0.0011777411
0.0013792351
0.0016807864
0.00169161
0.0017769666
0.0018861172
0.0016626661
0.0017344581
0.002007732
0.0018316513
0.0022062296
0.0020849877
0.0019922338
0.002381478
0.0024207537
0.0018747644
0.0014506012
0.0014482884
0.0014704744
0.001137196
0.0012988409
0.0016250452
0.0013229921
0.0010338027
0.001503676
0.0015148412
0.0012298316
0.0017166923
0.0019434681
0.0020267786
0.0020189486
0.0019591248
0.0019136027
0.001952505
0.0016640351
0.0015035126
0.00171381
0.0013944248
0.001385082
0.0013492369
0.0015700608
0.0026389882
0.002913077
0.0036789773
0.0038157117
0.0035636227
0.0037685991
0.0038538184
0.0037135351
0.0056330557
0.004561082
0.0049451413
0.0065992177
0.0063895313
0.006774045
0.006609996
0.0070925555
0.008428326
0.0069437292
0.00679115
0.006549719
0.005681482
0.004797869
0.004410262
0.0035755527
0.005229958
0.0049198465
0.005515422
0.005783056
0.008729851
0.0145956855
0.012187684
0.020867063
0.03486954
0.048037395
0.04014977
0.046550553
0.053842455
0.048225008
0.04967629
0.062386215
0.07996337
0.05769689
0.08460887
0.108385384
0.078343146
0.087336704
0.05775107
0.07963895
0.047039237
0.040335525
0.04177024
0.028058296
0.02319173
0.02172365
0.019230876
0.016790967
0.018020267
0.028675133
0.026370566
0.01285079
0.015176807
0.014598662
0.017151628
0.0071035144
0.008921708
0.008469423
0.006588592
0.0085088005
0.009552715
0.009357769
0.010281952
0.012432558
0.018033486
0.0154666025
0.012512392
0.013812249
0.013916996
0.013789883
0.01215295
0.013278621
0.01077419
0.010006729
0.0077762376
0.007686833
0.00707029
0.0068069967
0.0044681425
0.0037841343
0.0025295226
0.0043222
0.0026582326
0.002424882
0.0032184096
0.004511754
0.0057473932
0.004618773
0.0059931274
0.0051809517
0.0048848055
0.0053326734
0.0047782054
0.0035523656
0.0057539637
0.007260454
0.0057370183
0.0064568454
0.008094668
0.009372699
