0.0068413764
0.012744876
0.012560164
0.00849705
0.012341766
0.012773455
0.01317337
0.01502257
0.016068324
0.019065991
0.02459788
0.015105645
0.01959363
0.032437917
0.026794797
0.041183982
0.061592
0.04927216
0.0591103
0.0540884
0.0688067
0.050928254
0.056634255
0.06270788
0.05112491
0.040260322
0.033937618
0.01567148
0.016516406
0.010860803
0.008287925
0.0071686134
0.004827126
0.0042757634
0.0043084566
0.0024777742
0.0028516243
0.00202993
0.0038073978
0.0020963207
0.00162362
0.0019191023
0.0017502283
0.0018337762
0.0020387599
0.0019741612
0.002586452
0.0029853357
0.003834124
0.0045637176
0.004143124
0.0061884164
0.0074126455
0.003987452
0.0054702577
0.0048793964
0.0055814786
0.0062785037
0.0089793205
0.018357895
0.021340488
0.049622178
0.07413826
0.06975166
0.10802073
0.08835971
0.13238476
0.12723559
0.10213663
0.14100109
0.15543786
0.09736609
0.11813783
0.12230836
0.18431003
0.09641523
0.13303153
0.14157179
0.13197052
0.121929884
0.10377137
0.13784015
0.09898953
0.12691242
0.10777588
0.12755448
0.14887606
0.13347402
0.10531701
0.083290175
0.19845328
0.11881454
0.16633202
0.39322665
0.83503515
0.6211702
0.7450022
0.6742894
0.7904979
0.5454781
0.47313458
0.8216866
0.6882547
0.41981828
0.16152479
0.67186147
0.51801866
0.26131824
0.11050986
0.1271042
0.074229464
0.08082999
0.054805804
0.05823086
0.026223635
0.08149462
0.06383839
0.08614049
0.049583618
0.57063305
0.26005316
0.12822299
0.2575522
0.19179541
0.0988246
0.066679284
0.08403345
0.06655832
0.052213795
0.040470354
0.047562957
0.056521583
0.09761404
0.06351958
0.14427209
0.077067286
0.1404287
0.048517965
0.17949232
0.11562762
0.2666701
0.112365745
0.08915917
0.104931965
0.13983878
0.11928789
0.094187036
0.15027536
0.13838752
0.16920003
0.24951065
0.15042317
0.19310737
0.22422425
0.08196542
0.15961103
0.15657918
0.13972032
0.07921763
0.16347142
0.14744513
0.24347752
0.062053423
0.1988824
0.18152928
0.10248313
0.11928818
0.14510052
0.114620745
0.090702765
0.053095747
0.05970281
0.12257375
0.13830402
0.09726213
0.097919695
0.10677384
0.2577158
0.1505278
0.17394704
0.19786452
0.277481
0.07572781
0.05240015
0.08828039
0.08431269
0.034486223
0.06352759
0.05830788
0.027136948
0.01524999
0.028716013
0.023963017
0.00999393
0.013367714
0.018879559
0.0054163346
0.004835549
0.005058047
0.0026387472
0.0016755338
0.0015776033
0.0015650131
0.0012428884
0.0010144352
0.0012966896
0.0012589301
0.0011469749
0.0011392426
0.0014494426
0.0014137606
0.0014837648
0.0017347959
0.0019775445
0.00227188
0.0038748314
0.0029970033
0.0031405916
0.0036360715
0.0054378123
0.0038456975
0.002676075
0.002467916
0.0028165262
0.0016168709
0.001941803
0.0016837296
0.0014286048
0.0016522903
0.0013968259
0.0012720259
0.0011300908
0.0011084862
0.0010154049
0.00096661336
0.0009670422
0.00097461377
0.00094244396
0.0011380494
0.0012140371
0.0013577602
0.0014671352
0.0017470255
0.002544179
0.0023604848
0.0032197316
0.0036415432
0.0040044445
0.0040374678
0.0037137785
0.0032374694
0.0041140066
0.0036219573
0.0036022693
0.0041704206
0.0039263205
0.0048555117
0.0036503477
0.0036691327
0.005499843
0.003869983
0.0034860736
0.0032362787
0.003956294
0.0036987613
0.0034822293
0.005064415
0.0042800494
0.003233869
0.00331086
0.0038790042
0.004713101
0.0046692914
0.005690141
0.007982488
0.0060451753
0.0087514175
0.015137174
0.027704462
0.05661071
0.041876655
0.05256889
0.072753645
0.06220466
0.0647911
0.10064993
0.09453593
0.065996796
0.098305434
0.11072214
0.07932622
0.08068827
0.057835806
0.081362516
0.04928526
0.04973287
0.050391637
0.042002436
0.0407378
0.043173555
0.04567241
0.045625545
0.050003987
0.057953548
0.080412365
0.03661069
0.043616273
0.036474895
0.041094825
0.029817479
0.03773273
0.02793905
0.02342518
0.023744985
0.018472852
0.013253081
0.014656822
0.011329826
0.012096938
0.010393585
0.009939538
0.010752231
0.009006152
0.0066120843
0.005782239
0.0062084757
0.004131627
0.00460782
0.0028953652
0.0030272305
0.0024864008
0.0017549644
0.0015050367
0.0015585241
0.0014412118
0.0014969946
0.0012835377
0.0016485214
0.0013249392
0.0020943685
0.0023276927
0.002184624
0.0017297997
0.002429306
0.0020489565
0.0017425008
0.0020641447
0.002316132
0.0021025643
0.0026481585
0.0028624292
0.0033291643
0.003263521
0.0051132683
0.0056945696
0.0050702184
0.0054649552
0.005478978
0.006142466
0.007287874
0.008434601
0.018805271
0.016422555
0.018076202
0.019454954
0.02538057
0.025423976
0.03572458
0.027583351
0.029801842
0.02285037
0.028838024
0.025063185
0.03217071
0.028468486
0.024569303
0.020361885
0.02738299
0.019993251
0.028249992
0.0306526
0.053652298
0.045465786
0.04489321
0.053851806
0.057439324
0.03740237
0.036532566
0.036253095
