0.014278606
0.029806226
0.029537432
0.021400573
0.030006165
0.0345998
0.036506947
0.035485566
0.04019513
0.03841966
0.043880742
0.027282437
0.03389834
0.041058086
0.045203775
0.06587794
0.10284206
0.09188526
0.10000695
0.08498236
0.124415465
0.08180179
0.11049224
0.12277508
0.09422858
0.074070826
0.056250367
0.026932465
0.03828481
0.021145416
0.023944298
0.018687613
0.009994181
0.012463932
0.010193758
0.005647144
0.007223577
0.0035788093
0.0057045603
0.0033522584
0.0028443278
0.0029970817
0.0032877326
0.0037333001
0.0040079644
0.0038331428
0.0046128463
0.0040395567
0.004910513
0.0074730436
0.007286732
0.008539654
0.008838512
0.0060893493
0.011493762
0.009402743
0.011849742
0.016800512
0.019336294
0.028576564
0.028573083
0.08429677
0.103539094
0.11118748
0.1524127
0.11649848
0.15702808
0.17812362
0.14555524
0.1690266
0.19678089
0.14107588
0.19172925
0.13171445
0.2090284
0.10980768
0.22387485
0.1125503
0.1345554
0.15016884
0.17439568
0.15138313
0.123765506
0.18995146
0.32149595
0.15314417
0.18214864
0.19574878
0.20921801
0.1021673
0.12132687
0.10688367
0.12027375
0.092485756
0.24157292
0.08418303
0.11550601
0.062100206
0.19623464
0.11968462
0.16784552
0.32357818
0.4986576
0.4191458
0.38943928
0.2621584
0.41299582
0.276265
0.14070079
0.14265823
0.14743467
0.16098247
0.16177005
0.12133709
0.08635
0.12528466
0.12194873
0.102144755
0.07786309
0.07259027
0.06915442
0.09707159
0.08494836
0.09301274
0.057326224
0.13548362
0.1268509
0.13152763
0.091867834
0.6371427
0.37348312
0.21523541
0.2904229
0.20614238
0.11136133
0.08979761
0.09599722
0.082016274
0.067715764
0.046780363
0.054558236
0.06095749
0.100149915
0.06466661
0.14245497
0.08775864
0.127644
0.06544711
0.21254936
0.14121582
0.27789402
0.15517095
0.15236802
0.12467001
0.16341802
0.17457627
0.12056633
0.155723
0.17524181
0.22575904
0.20583932
0.21178909
0.2155402
0.20749903
0.05552932
0.16337459
0.13844115
0.09952947
0.06986183
0.18826343
0.113860205
0.16952659
0.11698756
0.20509924
0.10637352
0.09957995
0.19071457
0.16307116
0.10234851
0.160736
0.08230453
0.07806218
0.12672764
0.20334047
0.16832566
0.13334745
0.16924311
0.44532204
0.24544264
0.28041175
0.2873188
0.35339326
0.11060688
0.078476734
0.123798326
0.11330145
0.04344652
0.058206752
0.080087714
0.03256573
0.01687755
0.032542873
0.024546515
0.012213567
0.01196819
0.02894784
0.009603205
0.0066415654
0.0077045513
0.00401611
0.002537145
0.0019029449
0.0017540182
0.0014612991
0.0012259142
0.0014124936
0.0014928713
0.0013552662
0.0014537554
0.0018166621
0.0018184339
0.002028159
0.0025947182
0.0025190315
0.0028573747
0.0057982258
0.004467133
0.00363523
0.0063508837
0.009820921
0.0049846056
0.0028552806
0.0030655279
0.0034141706
0.0016319839
0.0017873079
0.0015532626
0.0012338127
0.0011006015
0.0011253082
0.0009911872
0.0009662547
0.0008994923
0.00085112185
0.00078663346
0.00093882595
0.00095351174
0.0010028768
0.0011879677
0.0012456179
0.0015770926
0.0018240841
0.0021175293
0.0033972822
0.0032462631
0.004354933
0.0045380653
0.004961346
0.005570889
0.004821883
0.0046487423
0.0066453354
0.006361822
0.005534181
0.0078066797
0.007948083
0.0072644833
0.0064368034
0.008159953
0.010789177
0.008620779
0.0075666495
0.007345253
0.009765931
0.0066217817
0.007268749
0.0070501864
0.008057223
0.00645631
0.005349778
0.009603577
0.013064125
0.0092389025
0.009510678
0.019626018
0.016239282
0.013498518
0.03195213
0.066753365
0.11010316
0.05682295
0.0956393
0.14109518
0.07394068
0.085611805
0.114656314
0.11158005
0.081678204
0.10702495
0.12799855
0.08243475
0.0730485
0.053767417
0.07437447
0.042972278
0.041348565
0.04381098
0.03081271
0.030008735
0.023562362
0.026420122
0.022168294
0.02309816
0.029069541
0.02913499
0.016874744
0.019163022
0.021136101
0.021721369
0.010127084
0.011993047
0.008966769
0.006884048
0.007199123
0.008028231
0.0068545104
0.006611627
0.008038479
0.010322462
0.00917601
0.010952024
0.011861657
0.010203775
0.007839479
0.0069722096
0.007241723
0.0039337645
0.004859617
0.0036759481
0.0027300084
0.002197162
0.0016714956
0.0014469133
0.0013867728
0.0012904371
0.0014630605
0.0011118058
0.0012907892
0.0012731864
0.0017311679
0.0015174962
0.0017226114
0.0015867476
0.0015398536
0.0013359918
0.0014146846
0.0014335519
0.0017064868
0.001830081
0.0021114573
0.0020517353
0.0027275768
0.0028913154
0.0042671626
0.0049817353
0.005536443
0.0058152825
0.00489325
0.0065185362
0.008565762
0.007463698
0.016574258
0.01728287
0.013940685
0.01509653
0.023917276
0.027900135
0.031442698
0.027913887
0.037023023
0.028491441
0.028727747
0.02834735
0.046282135
0.043507855
0.037498523
0.031743694
0.0388071
0.026873745
0.03958694
0.037978135
0.07654779
0.051704727
0.050674412
0.061126832
0.042107824
0.040074516
0.03605173
0.03773919
