0.014248134
0.028812863
0.024304848
0.02151407
0.030718055
0.036862615
0.03348427
0.038428646
0.033663325
0.028182944
0.029830338
0.02292925
0.024752812
0.0328673
0.03441594
0.053719547
0.07724471
0.070222795
0.09923332
0.10606506
0.10674623
0.06571336
0.07222437
0.053250715
0.052796565
0.036601946
0.03248782
0.016373493
0.014069784
0.010438887
0.009310664
0.007846187
0.0050290246
0.005352641
0.004064339
0.0032810536
0.003972845
0.003103054
0.0032971308
0.0033053083
0.0033346335
0.002770507
0.00403266
0.0053740153
0.0041069696
0.004420243
0.0032389883
0.0031920096
0.0038020117
0.0034415773
0.0035918683
0.004176076
0.0031167963
0.002755744
0.0027177187
0.0031391585
0.002361262
0.002373053
0.0025384666
0.0025488033
0.0027317111
0.0026331162
0.0031034285
0.0028733544
0.0028750682
0.004145468
0.004108569
0.0036952046
0.0044081938
0.0054578558
0.007345663
0.0066745467
0.0076200604
0.010587384
0.0127798775
0.016564265
0.016446179
0.019704174
0.021323632
0.026634341
0.040927563
0.04595914
0.086233184
0.12724932
0.19378506
0.1979911
0.19989076
0.20088798
0.19896951
0.29322052
0.3148378
0.19796494
0.112337716
0.18972068
0.11047771
0.16953713
0.09007244
0.12983803
0.12241597
0.10552275
0.12479788
0.1234866
0.13169183
0.095873095
0.13319625
0.14340216
0.14368638
0.13764754
0.1454805
0.13639101
0.1168765
0.19726555
0.15926698
0.15299562
0.23046416
0.78736234
0.29997864
0.5151435
0.45782134
0.70437914
0.38676378
0.36032078
0.7919619
0.6699298
0.3932537
0.15309824
0.66389906
0.5537594
0.26552927
0.13704343
0.13976471
0.11853105
0.10931768
0.087930344
0.088287145
0.04264535
0.15181428
0.12824379
0.13400796
0.07974246
0.66847354
0.30822816
0.17062405
0.33149242
0.22732441
0.08930633
0.050221153
0.06922502
0.05521236
0.04327825
0.031752765
0.04198375
0.051137812
0.085928686
0.058553785
0.14096895
0.07954027
0.14177854
0.056458455
0.19758068
0.11800548
0.31082886
0.12032889
0.07519381
0.09910817
0.14137773
0.102859765
0.0738438
0.114138104
0.08895836
0.10891566
0.08145188
0.08891581
0.08707768
0.1137374
0.039168388
0.10978516
0.10491311
0.10076467
0.07260671
0.13543124
0.10334191
0.18318246
0.075620614
0.15445846
0.10898044
0.04246853
0.08857148
0.09738051
0.08195787
0.064617075
0.069709435
0.080433086
0.105527475
0.13612714
0.13949673
0.13276163
0.15612593
0.34904864
0.18483235
0.25695372
0.32402173
0.33295882
0.12023143
0.08964454
0.11336551
0.051161543
0.037015438
0.0602709
0.0534491
0.026056886
0.016875384
0.025665317
0.017942585
0.0067571015
0.006822947
0.010311653
0.0035195213
0.0028581277
0.0033053302
0.0018766329
0.0017125949
0.0014917764
0.0014747377
0.0013667087
0.0011781198
0.0012410654
0.0011983362
0.00131422
0.001524708
0.0017731274
0.0020840762
0.0029335734
0.0029353118
0.0032167886
0.0042483252
0.005866495
0.0052163634
0.0048598982
0.0059341486
0.0069290507
0.004596544
0.0025720103
0.0020685636
0.002731303
0.0019411995
0.0017751592
0.001195896
0.0012884089
0.0010709317
0.0010475847
0.001129813
0.0010214905
0.0009216992
0.00088383205
0.00087589154
0.0009073409
0.0009809854
0.0009711157
0.0010082936
0.0010818631
0.0010708449
0.0012121225
0.001320272
0.0020362253
0.0025883582
0.003387279
0.0035320192
0.006031221
0.0036803111
0.0036151218
0.0036860276
0.0031346078
0.0038820766
0.0036414308
0.0032412033
0.004685655
0.0048538
0.0051478217
0.00581922
0.0066351607
0.009243348
0.007550006
0.0068695047
0.0056377957
0.00670769
0.005718555
0.0053567146
0.005109621
0.006784377
0.0044573294
0.004681116
0.005193641
0.0069103898
0.0060610804
0.0057191025
0.0071803755
0.0052246563
0.0061792443
0.012503863
0.01943599
0.03821771
0.019795075
0.024127048
0.02672901
0.0260504
0.029568283
0.030704273
0.03613486
0.039309267
0.049160916
0.05535597
0.032365486
0.04622513
0.029820569
0.03865962
0.025329864
0.025823966
0.02975296
0.015509857
0.01880206
0.01667452
0.016785175
0.014552098
0.01780981
0.024457801
0.023057427
0.01351498
0.015359666
0.013977841
0.011229541
0.0076175467
0.0078075617
0.0056279246
0.0029788057
0.0026179375
0.0024429963
0.0026149063
0.0016260482
0.0027562012
0.0027905605
0.0023711224
0.0031519367
0.0036237906
0.0045406385
0.004518177
0.0069689746
0.0077145393
0.0060378276
0.010643916
0.013486021
0.010996429
0.009872092
0.009943078
0.008641976
0.0049902922
0.0064253835
0.004631127
0.0036768753
0.003747416
0.0029276852
0.0022794174
0.0018017406
0.0018545716
0.001893107
0.0013722812
0.0015989017
0.0016658922
0.0016717964
0.0013234516
0.0013938706
0.0012681367
0.0012462492
0.0011771562
0.0010741231
0.0012210825
0.0013209273
0.0017261863
0.0023267793
0.0018215082
0.0026610557
0.0027686344
0.0046372833
0.004896364
0.0060998225
0.0062548313
0.0058927834
0.008999345
0.010115304
0.012046366
0.022106165
0.015945088
0.023346735
0.021730553
0.030480867
0.025231339
0.028866949
0.029386971
0.035862356
0.026751522
0.028876841
0.02852768
0.049825773
0.04705649
0.035487637
0.03129013
0.039531443
0.02684168
0.039211962
0.04035805
0.086235404
0.05414128
0.053889524
0.072364576
0.043732736
0.040510647
0.03596113
0.038566828
