0.008812066
0.016537512
0.012527666
0.010298663
0.0115398
0.019178515
0.019469405
0.02357317
0.019872395
0.016020313
0.023313498
0.015925309
0.020353517
0.0288924
0.043812934
0.05777648
0.06381073
0.054238386
0.083788306
0.085230984
0.12212509
0.099145256
0.10455676
0.10215504
0.10112398
0.08116117
0.0803365
0.065189324
0.058346182
0.048799954
0.040248625
0.042875115
0.03168566
0.036544636
0.030148527
0.023963228
0.027837455
0.016538776
0.017925134
0.015994221
0.0133608105
0.007354834
0.011083846
0.012825603
0.012230839
0.00993898
0.009280492
0.01072729
0.007720985
0.0049408516
0.003932341
0.0029499708
0.002295532
0.0023155536
0.0020575095
0.0026153068
0.0031578422
0.0044203843
0.0027199867
0.0020290657
0.0016341421
0.0014648814
0.0015034662
0.0010814875
0.0014367815
0.0016278931
0.0017160174
0.0018523539
0.0023495036
0.0022077763
0.0027590652
0.0036952256
0.0028076957
0.0033795694
0.0036949555
0.0042293295
0.004491198
0.0039352127
0.011620582
0.005653651
0.0062137735
0.015082046
0.0041734716
0.0031973987
0.003141753
0.0071520405
0.0030200777
0.0033476956
0.003645216
0.0031630248
0.0017430616
0.0018397962
0.0022446197
0.0023423766
0.0017687877
0.0019515314
0.002497172
0.0020890576
0.0017877204
0.0030685924
0.004110306
0.00488363
0.004398018
0.010436672
0.04063053
0.0346583
0.035725832
0.037792753
0.05144184
0.051303465
0.056928046
0.16716507
0.16486262
0.086255655
0.121466234
0.16043983
0.22164336
0.10383452
0.2786774
0.16432329
0.12179686
0.13503185
0.16532072
0.14835341
0.10654244
0.15512222
0.21539207
0.120648734
0.15670872
0.14274226
0.14526792
0.047867835
0.13034208
0.089484006
0.14071308
0.2001223
0.8035242
0.51252174
0.7296616
0.5674815
0.77585554
0.62538004
0.3843231
0.79491615
0.6718263
0.3789826
0.14554097
0.6457776
0.5156433
0.27082273
0.122328565
0.15586452
0.09305873
0.10015241
0.0657701
0.10100105
0.029612783
0.08047916
0.090426244
0.10584973
0.048116542
0.58332676
0.2851395
0.15878358
0.28756356
0.25179756
0.1427946
0.08673233
0.096196406
0.095273115
0.07682004
0.03918386
0.04932833
0.06885198
0.10061437
0.050452676
0.10342456
0.05467686
0.07390172
0.021276506
0.039565843
0.03169927
0.023423085
0.039788377
0.043367222
0.06881842
0.06855323
0.20835866
0.34066522
0.12204584
0.12794499
0.25567606
0.15304674
0.05868742
0.109095074
0.16251464
0.052486613
0.09781192
0.12759867
0.10086104
0.06349547
0.09413412
0.10204466
0.1697651
0.05192961
0.13474403
0.1158412
0.0487865
0.074406125
0.10464715
0.10659319
0.07878546
0.04929952
0.061948236
0.076151535
0.10386434
0.10128646
0.10232021
0.13315949
0.24439175
0.15112345
0.16723578
0.19899307
0.20203306
0.08146372
0.06868972
0.14152975
0.08223278
0.0379392
0.065973796
0.032353286
0.014628496
0.009424267
0.017078023
0.00993557
0.005036398
0.0064782994
0.0067031966
0.0037111577
0.0035763872
0.003249937
0.0027504745
0.0021596772
0.0020300972
0.0020583773
0.0017462606
0.0015286709
0.0014544631
0.0013275279
0.0015157242
0.0015844483
0.0018042654
0.0024686935
0.0026538947
0.0030833082
0.003692204
0.004432997
0.0038676031
0.0052713836
0.006490385
0.005143755
0.0035733958
0.004429095
0.0032160792
0.0017092347
0.0014795694
0.0012826236
0.0010280972
0.00090883684
0.0009209772
0.0009201922
0.0008924
0.00080852496
0.00082337076
0.0007646042
0.0008864068
0.0009769733
0.0009882771
0.0012152097
0.001478623
0.0015158398
0.0018759167
0.002083628
0.0026444306
0.0023628676
0.0033555545
0.003056744
0.0025436091
0.0028602458
0.003731506
0.0029964861
0.0028736934
0.004272442
0.004762915
0.004763349
0.0053535653
0.0058224928
0.0062700687
0.004888061
0.004964581
0.0060595893
0.0063458304
0.015996944
0.013677129
0.010409022
0.011648282
0.018549751
0.009336901
0.017843807
0.027240328
0.021681584
0.010344396
0.023131711
0.011481374
0.011427041
0.02304276
0.051988132
0.089422755
0.027250174
0.034173694
0.069369406
0.037449833
0.03753456
0.057888098
0.059118096
0.04742318
0.061356172
0.07702959
0.05790799
0.053821445
0.038758878
0.056418125
0.03322359
0.023983423
0.0227375
0.011892924
0.010146117
0.00956293
0.008791949
0.0064597
0.0071339007
0.009112164
0.008311215
0.005129673
0.0076946532
0.0053989873
0.0042589386
0.0031214252
0.0036947972
0.003327369
0.0020978695
0.0026573427
0.002664145
0.0021710063
0.0025512765
0.004090041
0.005251311
0.0036240332
0.004179147
0.0056943805
0.006247556
0.0054904097
0.005706137
0.006761026
0.0066420315
0.004157012
0.0053642597
0.0044579664
0.0026223112
0.0029837282
0.0024797064
0.0019067416
0.0016082489
0.0017798634
0.0017802954
0.0015602115
0.0016280172
0.0016933274
0.0016261681
0.0018776336
0.0020427443
0.003109879
0.0027445296
0.002421272
0.0028985443
0.003158887
0.0030959405
0.0031274313
0.0030784633
0.0029010728
0.0032065029
0.0034391955
0.0031200484
0.0037400846
0.0034439233
0.003810803
0.0042150114
0.0044424837
0.004002363
0.0031350607
0.002723441
0.0030586235
0.0027157615
0.0029237263
0.0021585638
0.0019549115
0.0017648427
0.0017508593
0.0018441271
0.0016382142
0.0015701805
0.001579776
0.0014580326
0.0013302357
0.0011662268
0.001231152
0.0013137119
0.0017922941
0.0017560883
0.0026019635
0.002471547
0.004368608
0.004296939
0.005810038
0.00745283
0.008897375
0.009508805
0.00857663
0.013466781
0.0151311625
0.016926335
0.033327144
0.022547537
0.02803838
0.02880639
0.036624584
0.035598595
0.039349407
0.039917134
0.041349094
0.03218223
0.034394935
0.028897014
0.038540192
0.029805161
0.028648527
0.026796848
0.03165311
0.025286356
0.0321788
0.0343563
0.057015665
0.052125253
0.048289962
0.05241354
0.04091772
0.039368663
0.035202034
0.033508196
