0.009858129
0.01923602
0.014961667
0.012379803
0.01713087
0.020294234
0.020574676
0.026126023
0.020861208
0.017532868
0.020015229
0.018150315
0.018766994
0.021932712
0.028821815
0.04081683
0.056709334
0.061644167
0.07663658
0.07859295
0.0957946
0.08581879
0.08567411
0.083558455
0.0861146
0.070640065
0.06312895
0.040664464
0.049143575
0.035161376
0.026081981
0.022520933
0.014675806
0.012995275
0.009471745
0.008685731
0.012878779
0.0066812234
0.008346072
0.009486389
0.00644949
0.0037289823
0.0045024776
0.007217215
0.005556766
0.0040666135
0.0036057886
0.004022499
0.003465353
0.0023167382
0.0026198183
0.0023548498
0.0019630017
0.0018689629
0.0019090327
0.0015352184
0.0015234911
0.0017319806
0.0015788911
0.0013990633
0.0012384027
0.0014544423
0.0014922197
0.0016532849
0.0014917401
0.0014713688
0.002115482
0.0021804245
0.0018613632
0.0020514932
0.0025567573
0.0027881358
0.004436584
0.005162534
0.00487816
0.005722515
0.00593826
0.008394131
0.0075616627
0.008512515
0.008582065
0.010146338
0.009126146
0.009676561
0.03144367
0.06536442
0.10365041
0.10800286
0.08905853
0.11574251
0.13258316
0.10886536
0.20660383
0.21370094
0.1297814
0.18114856
0.16950816
0.22917144
0.11889257
0.24740377
0.21702407
0.16169748
0.14745569
0.16285291
0.19635294
0.12477469
0.14190763
0.15931769
0.16391587
0.17118059
0.13048986
0.1296364
0.08229042
0.20065916
0.15472938
0.22874358
0.37870377
0.850538
0.57677585
0.7379008
0.61323917
0.77714807
0.4532698
0.44607443
0.8267599
0.6860594
0.36321545
0.17144234
0.6536179
0.55620635
0.34899238
0.1500553
0.20789833
0.11533425
0.13248695
0.117745295
0.099192716
0.05219105
0.17587051
0.14892155
0.14407434
0.09514631
0.6605745
0.2798045
0.15117002
0.268928
0.17305008
0.07737617
0.045586918
0.06196856
0.052699685
0.043148898
0.031309023
0.042033587
0.05073319
0.09458619
0.05920725
0.13499095
0.07311224
0.1297473
0.04229445
0.17104225
0.10478538
0.23487769
0.10326169
0.07108897
0.09880459
0.14120929
0.11488202
0.088223524
0.1516888
0.14508764
0.16451424
0.24944468
0.17216054
0.19438098
0.19568247
0.06675459
0.15721667
0.13640913
0.113980345
0.076498695
0.14731804
0.12886477
0.17143725
0.07382769
0.23422267
0.17142524
0.08847905
0.15213735
0.17377742
0.14188875
0.14248805
0.12333244
0.09102235
0.118714206
0.15757662
0.14819887
0.11813619
0.14195243
0.33828196
0.15151963
0.18292661
0.28002414
0.31951985
0.10793609
0.06213065
0.1203197
0.0684241
0.029317915
0.04803628
0.05280188
0.022083426
0.014546793
0.023661818
0.01600084
0.006084024
0.0065205935
0.010489675
0.0039052146
0.0033173298
0.0043115835
0.0022285655
0.001777794
0.0018808723
0.0019311045
0.0015718845
0.0011958276
0.0015397313
0.0016102302
0.0015443917
0.0017818308
0.0024111117
0.0026499827
0.0024279868
0.0027659328
0.0025635518
0.0026868377
0.004005329
0.0027869507
0.002439109
0.0032521298
0.0033594412
0.0023197776
0.0012353914
0.0012375272
0.001209774
0.0009753542
0.0009160187
0.0008934648
0.0008850313
0.0008549262
0.0008677809
0.00083238195
0.00084313867
0.00078985095
0.00075151795
0.00086063286
0.0007696457
0.00084173953
0.0009670182
0.0011570752
0.0013176453
0.0012292443
0.0015153158
0.002324099
0.002345268
0.002548207
0.0032323294
0.003509118
0.004631274
0.0044760522
0.0044039935
0.0041318582
0.0029081216
0.00408402
0.0048770583
0.0040821065
0.0068217963
0.0071016313
0.00823484
0.006073111
0.0066232467
0.00843612
0.0060891444
0.006836408
0.007737841
0.009240108
0.013504373
0.008048877
0.006560068
0.008675247
0.009584792
0.0060824123
0.011677442
0.017089956
0.014085515
0.0069755972
0.0150106875
0.011237518
0.0110515505
0.02613635
0.052042905
0.10137565
0.035152137
0.038766462
0.068607904
0.042936463
0.04167693
0.07286235
0.060707543
0.0549143
0.076055445
0.097161934
0.059452157
0.07594163
0.052966665
0.08332528
0.04565103
0.044748697
0.04953206
0.03428921
0.033179145
0.027921364
0.033455685
0.026610011
0.031085756
0.04004296
0.05484189
0.024073945
0.024716096
0.023464527
0.033408258
0.021408092
0.021022573
0.01835513
0.012514661
0.01062784
0.008051569
0.007913593
0.004783056
0.008642613
0.008334682
0.007452971
0.005988068
0.008039003
0.007397091
0.0067831725
0.009351392
0.009359918
0.0072382614
0.010645478
0.0110921655
0.007801551
0.0070113866
0.008236581
0.0075519574
0.0041413596
0.0059588626
0.004226985
0.00292227
0.002521459
0.0021015892
0.0017859837
0.0014195754
0.0014862841
0.0016248457
0.0012753942
0.0013118858
0.0014265262
0.001563971
0.0013437906
0.0014177151
0.0012119308
0.0011284858
0.00106325
0.00111506
0.0011976743
0.0014541667
0.001798673
0.0024876783
0.0024131944
0.0035779472
0.0032108435
0.0062463805
0.0071883616
0.0077560754
0.00878629
0.008728287
0.015194971
0.016594991
0.023393437
0.03808593
0.020179931
0.029579984
0.029380564
0.039655343
0.033041373
0.03895843
0.039664697
0.04037244
0.03261021
0.042221963
0.036592145
0.048127312
0.045466986
0.041292652
0.03425127
0.03555473
0.028521826
0.043758072
0.046068046
0.103052914
0.06290826
0.06551608
0.08590543
0.057314325
0.04869729
0.042180717
0.044138294
