0.0053746146
0.0075539197
0.0058467863
0.004941543
0.006323937
0.008892121
0.014973381
0.0146237
0.010721443
0.010851842
0.014685552
0.014503457
0.01273793
0.017256971
0.023050083
0.030765353
0.028179538
0.01711616
0.028659372
0.03209031
0.038580146
0.0413858
0.043093376
0.05033647
0.068070814
0.051878832
0.06631229
0.05009962
0.06683201
0.083938226
0.06458757
0.042835332
0.040752485
0.02806342
0.029749535
0.027019491
0.027050836
0.022972543
0.016658641
0.015188442
0.014483638
0.010798851
0.009822892
0.0074559096
0.011911783
0.0077514024
0.005538024
0.0061384966
0.007757963
0.0064989813
0.005994111
0.0070202597
0.0072133755
0.0052569904
0.006004023
0.005514494
0.0058224597
0.0059273257
0.005092983
0.0060907085
0.0032524928
0.00300777
0.0030756944
0.0021398582
0.0024139993
0.0021282458
0.002908546
0.0022172555
0.0019917418
0.0021512308
0.0018592965
0.002219827
0.0027018045
0.0024525602
0.002196932
0.0026637665
0.0032922234
0.0043665883
0.0047042873
0.0060201455
0.0059741936
0.009115992
0.008098663
0.009152837
0.01120021
0.011445143
0.006828765
0.012850028
0.011206983
0.013728528
0.016960058
0.02031071
0.03228916
0.03105832
0.08423124
0.09931248
0.10593406
0.15436897
0.110268
0.14145854
0.16542266
0.13308124
0.16349924
0.19137238
0.13457485
0.18026383
0.11228046
0.2017654
0.1037938
0.21818566
0.09990798
0.11094248
0.14239617
0.16573133
0.14624366
0.108679995
0.18407166
0.2762437
0.12486582
0.19849199
0.21283804
0.17786925
0.061749615
0.1815524
0.11239749
0.19457518
0.29942068
0.85736245
0.56524324
0.732956
0.64209664
0.80885506
0.5290106
0.4290384
0.83287996
0.7057859
0.41248718
0.17094992
0.6727347
0.57643235
0.29975888
0.110349104
0.13002542
0.07295692
0.08259579
0.05124874
0.058773946
0.025752852
0.08318138
0.06591432
0.0873123
0.04863205
0.56928754
0.24746391
0.11790062
0.24258807
0.18452984
0.09156702
0.06778708
0.08386313
0.066484496
0.05349563
0.037633773
0.046858307
0.056394804
0.091023244
0.059086863
0.13556507
0.070661545
0.12125232
0.04707056
0.16915178
0.09684
0.20423062
0.106880754
0.091632314
0.094715886
0.12977207
0.13701178
0.089169815
0.116251685
0.13133462
0.17311119
0.15650809
0.14481948
0.19758326
0.1637082
0.06966489
0.15314233
0.106800765
0.08081744
0.05851287
0.13457018
0.087114386
0.1364659
0.0835291
0.16757339
0.08755332
0.11423459
0.18624566
0.15761736
0.10455176
0.1536755
0.064321406
0.058446262
0.106015466
0.13668093
0.123391934
0.081089504
0.09524543
0.18246412
0.061735027
0.07838998
0.096138716
0.108458556
0.05359737
0.03475052
0.05925595
0.05368499
0.02563108
0.043306965
0.038849726
0.033534832
0.01680813
0.022772437
0.02542492
0.016909545
0.014504882
0.013805508
0.01369631
0.00678325
0.007587686
0.0055031637
0.0029129912
0.0026477806
0.0019505807
0.0016681888
0.0012886089
0.001061715
0.0011076919
0.0010667661
0.0011995204
0.0011621226
0.0013235713
0.0013782523
0.0014851565
0.0017885265
0.0018058755
0.0019884554
0.0034668103
0.0025937252
0.002548521
0.0035133176
0.005049928
0.0033194732
0.002676154
0.002513995
0.002501824
0.0013937278
0.0016527071
0.0013945425
0.0011953124
0.0010094811
0.0010429443
0.00093570317
0.0008812715
0.0008253306
0.0007920741
0.0006892738
0.0007707796
0.0007984617
0.0008284153
0.0009223322
0.000904445
0.0011167098
0.001138314
0.0012639656
0.0017506217
0.0022670988
0.002561229
0.0025089371
0.0031032853
0.0035053652
0.0026689996
0.0024132323
0.0040431684
0.0034913237
0.0032453511
0.0044098035
0.005963932
0.004395987
0.004024502
0.005460722
0.0062253266
0.0047795596
0.0038128945
0.004198775
0.0049669654
0.0042820494
0.00456839
0.0038237062
0.0054433574
0.0046008728
0.0040675737
0.005487231
0.00706797
0.005942675
0.0063855457
0.011466273
0.009073137
0.008023398
0.017439919
0.033448547
0.0642253
0.031212505
0.0488615
0.08632205
0.0465092
0.04846787
0.07639362
0.074829936
0.054206066
0.074080236
0.087889776
0.06465007
0.057128392
0.04507167
0.061878502
0.040806204
0.03762901
0.039753757
0.027587444
0.023586102
0.019692443
0.022165194
0.01902171
0.019595718
0.028464675
0.02870184
0.016031306
0.018260645
0.020005213
0.020283705
0.008920312
0.010493195
0.007403175
0.004607918
0.005297883
0.006602041
0.0050256685
0.0054045334
0.00737968
0.011433193
0.0073643057
0.009173657
0.012641372
0.014939484
0.010733324
0.009980884
0.013718752
0.0074723647
0.00882936
0.008528797
0.006845638
0.005427813
0.004363691
0.0035413203
0.0030202758
0.003017852
0.003100671
0.0020399662
0.0020445678
0.0020223218
0.0024892006
0.0021822639
0.0022495738
0.0019632361
0.0021367162
0.0018297144
0.0016999325
0.0022862006
0.0019334694
0.0021518725
0.003024516
0.003485696
0.0030677437
0.0026994657
0.0032111332
0.002935369
0.0022534356
0.00264492
0.002930696
0.0035586297
0.0038407776
0.0039585233
0.0052221958
0.0065229014
0.0057927035
0.0066892602
0.0094392225
0.011735953
0.010111217
0.010357819
0.014242843
0.016609175
0.011448758
0.015018431
0.013697934
0.01265878
0.011698417
0.009735994
0.016675929
0.016751409
0.01798647
0.04195049
0.02783375
0.034530725
0.03639785
0.039855942
0.050188445
0.0347502
0.04367164
0.047930352
0.04078428
0.041062385
0.030792806
0.03516228
0.031100323
0.03299121
0.03171376
0.033476662
0.036157057
0.03291965
0.032638896
