0.008796163
0.0150587885
0.009850345
0.008460903
0.010870365
0.010053588
0.010400213
0.01446555
0.012730935
0.010841702
0.0135656325
0.008697473
0.010690313
0.012020571
0.016117537
0.022222811
0.03554827
0.024343392
0.038629204
0.041297752
0.0741129
0.05632163
0.063417725
0.06583287
0.068228215
0.060998917
0.06476893
0.04872356
0.042431254
0.04484582
0.041674152
0.036839094
0.022297908
0.023714
0.02264376
0.01883134
0.026014252
0.016132228
0.022618655
0.018556835
0.01163182
0.0062439097
0.013995103
0.013259225
0.011216868
0.010625107
0.009113167
0.008557004
0.006044219
0.004924833
0.0040427786
0.0027382856
0.0034163988
0.0027515944
0.0026336573
0.002751525
0.0032357832
0.004066691
0.0027629577
0.0025409323
0.0019899795
0.0019881735
0.0020166268
0.0017705534
0.0017352394
0.0017956849
0.002079464
0.0019194065
0.0020558801
0.002255613
0.0024598073
0.0025470185
0.0026439957
0.002942168
0.0025272209
0.0026043232
0.0033644068
0.0029807861
0.0026839962
0.0026223625
0.0031054958
0.001953272
0.0017821445
0.0022352077
0.0017704354
0.0016065241
0.0015985448
0.0014058274
0.0015636055
0.0015844988
0.0018243464
0.0017619544
0.0017404899
0.001994796
0.0020138782
0.0017333761
0.0031259272
0.0034094476
0.0039790636
0.004751981
0.005509279
0.007868543
0.009136932
0.032209437
0.10793103
0.06830847
0.0786608
0.08405214
0.08506274
0.09774866
0.10402504
0.2156458
0.19816436
0.13959911
0.1593711
0.18684363
0.33707857
0.11487183
0.38039303
0.23197034
0.14963788
0.1672461
0.19728613
0.2004243
0.09945718
0.18739608
0.278594
0.12259686
0.19098584
0.19514324
0.19473723
0.05972927
0.16942884
0.14270476
0.18399926
0.20478629
0.79695433
0.4091503
0.6290739
0.44184777
0.68562365
0.51785797
0.30148873
0.7943197
0.670421
0.41085762
0.14453837
0.65218997
0.57659245
0.34641212
0.16073498
0.17155945
0.1741481
0.118888326
0.07632454
0.14709678
0.041665807
0.120907225
0.107691206
0.12841754
0.07313548
0.69589543
0.2695179
0.25185472
0.4261204
0.3135258
0.13738337
0.08526589
0.09271931
0.077383555
0.06352152
0.038885437
0.042694885
0.053269222
0.090512834
0.04964878
0.0975212
0.046696953
0.11924078
0.027491322
0.055787336
0.051051404
0.12537988
0.05550884
0.033135377
0.06827108
0.11086542
0.08255284
0.058970716
0.09322374
0.07704658
0.09699338
0.04695767
0.062686756
0.094719686
0.12741905
0.07174773
0.15783226
0.14078294
0.12988621
0.07631684
0.14586961
0.1378826
0.26445812
0.08541376
0.22086513
0.14567165
0.19341306
0.11358477
0.10167426
0.10727605
0.13406806
0.04537643
0.05049725
0.07018193
0.13075964
0.12196607
0.09875319
0.12714106
0.26524445
0.1084833
0.11152608
0.16812953
0.191221
0.09439924
0.048037656
0.15979877
0.09248469
0.02943754
0.04620611
0.06386296
0.036583085
0.019492533
0.03461578
0.03191447
0.018862555
0.016361993
0.022428786
0.007814624
0.0065563433
0.005341381
0.0034326024
0.0024841889
0.0025533668
0.0021341983
0.0016658027
0.0015479642
0.0016274623
0.0015484543
0.0014639831
0.0015285952
0.0016486361
0.0014745536
0.0019131191
0.0031399587
0.0028619831
0.004605474
0.007217308
0.004669595
0.005835959
0.008439312
0.008771809
0.005826828
0.0037275974
0.0033155915
0.0026969586
0.0016842209
0.0013564173
0.0011999335
0.0010267856
0.00094335363
0.0009254968
0.00087833987
0.00086586794
0.0007522803
0.0007269654
0.0006779966
0.00075163186
0.0008072809
0.00094390975
0.0009784717
0.0010664805
0.0012329409
0.001195942
0.0013508956
0.0016657566
0.0021468194
0.0026303802
0.0029577368
0.0028792433
0.0037411756
0.0027400581
0.0026921136
0.002682599
0.0036747921
0.0029904381
0.0032823666
0.0048979027
0.0047783027
0.004491654
0.004890599
0.004752157
0.00713046
0.0051391087
0.004903593
0.004899869
0.0057550683
0.008891271
0.005474849
0.009253567
0.011382676
0.012844754
0.012664574
0.011123382
0.0233102
0.014504657
0.00858985
0.01871599
0.010720037
0.0122756455
0.017955663
0.039546385
0.08926858
0.027296675
0.043276947
0.065420866
0.03737345
0.03740764
0.0517673
0.04704663
0.03620947
0.053310916
0.0690474
0.045559708
0.047584955
0.032188945
0.047980122
0.028338078
0.021575747
0.024141852
0.014092438
0.011658305
0.009075135
0.0097896205
0.009440788
0.0098828785
0.010954746
0.012364233
0.0066720434
0.00801894
0.008861072
0.009990911
0.0056283353
0.0052742143
0.006381073
0.0045001055
0.0035048355
0.0027273302
0.0030575215
0.0029375525
0.0040890425
0.005121794
0.0061287475
0.00573652
0.0056618783
0.0064704414
0.006619988
0.0073721665
0.007506356
0.006263061
0.0072731646
0.0074784425
0.00712301
0.0065657357
0.007454703
0.0047704885
0.006411863
0.005215005
0.005032643
0.0041590924
0.0043573794
0.003776915
0.002823072
0.0025569263
0.0028661976
0.002425108
0.0027233427
0.003702557
0.0034853115
0.0020119778
0.0019055306
0.001948456
0.0017735629
0.0014859437
0.0016721961
0.0019862603
0.001826795
0.0020525742
0.0031110013
0.0022660152
0.0030590976
0.0030290284
0.005437895
0.004340698
0.0042807767
0.0058954074
0.0056118136
0.008513098
0.009271596
0.011412855
0.014424724
0.014552598
0.019074965
0.019092336
0.022193497
0.019345682
0.022896921
0.022221122
0.020523714
0.016747342
0.01784619
0.014892261
0.022256084
0.02012088
0.021072878
0.023263087
0.025213204
0.027272403
0.041358054
0.05649184
0.09503749
0.06766591
0.07416763
0.08859387
0.054537628
0.05178247
0.04306371
0.042253852
