0.009902209
0.020883085
0.01525784
0.010173297
0.012736138
0.012216571
0.012172836
0.015408911
0.013736085
0.014736019
0.016628891
0.011114496
0.012875051
0.021773055
0.02180216
0.026032753
0.042525087
0.0325313
0.044868905
0.04371605
0.08126018
0.05694767
0.07770851
0.08751383
0.07882036
0.05401562
0.06273821
0.054488476
0.06214941
0.038123734
0.038454287
0.03828354
0.025562221
0.023979383
0.019269707
0.017352022
0.016241126
0.011667484
0.00945932
0.0076095094
0.0053231264
0.0057850573
0.0039707213
0.005012412
0.003432441
0.0050408277
0.0036348659
0.0039111716
0.003426333
0.002057823
0.0027250072
0.0021072016
0.0021166832
0.0022477605
0.0027407373
0.0025306032
0.0026534027
0.0038335908
0.0038056981
0.004376403
0.0034293383
0.0057083666
0.007880091
0.006879528
0.007180039
0.008286158
0.0067143147
0.0056259395
0.0051677604
0.0057064183
0.005817328
0.0041734516
0.0059239753
0.0037457177
0.0036990407
0.0044623134
0.0048959693
0.0039056172
0.0040541454
0.005978108
0.0048270044
0.00702583
0.010531313
0.013902405
0.014630017
0.053567138
0.089761324
0.08360999
0.13626444
0.10665445
0.13581912
0.15604986
0.17127594
0.20508075
0.19466494
0.15417379
0.21494786
0.18369557
0.24672057
0.14281479
0.37948146
0.1995635
0.1463536
0.17533955
0.19788693
0.2124676
0.11671733
0.20083648
0.30822298
0.16047435
0.20318882
0.21651965
0.22592038
0.09646863
0.22171605
0.18647914
0.24134928
0.3436193
0.8210876
0.48607656
0.6980011
0.5671935
0.7218874
0.4611134
0.5280088
0.8247195
0.6199513
0.40266585
0.19171825
0.68899596
0.51859546
0.43485513
0.16437507
0.1685241
0.12690258
0.14163832
0.09417784
0.082132936
0.043675207
0.12527864
0.1953787
0.13233775
0.09908116
0.73796904
0.444038
0.2949611
0.4490584
0.32059413
0.1663631
0.09232771
0.100638755
0.1455333
0.07510549
0.04945874
0.055062924
0.0805812
0.100170285
0.04945133
0.117043436
0.044469647
0.0474721
0.028324978
0.07479875
0.07783225
0.050448846
0.08531246
0.09126737
0.10423229
0.19628662
0.39339763
0.4184083
0.22901258
0.46297157
0.44203344
0.34271386
0.27991176
0.28318465
0.3028668
0.08333963
0.25666517
0.27013913
0.14959843
0.09158341
0.55027825
0.2899001
0.3309575
0.0827086
0.45908386
0.31082138
0.09084101
0.12502834
0.22114931
0.15354875
0.12762702
0.06251752
0.087933026
0.09241598
0.123852514
0.12182937
0.116468355
0.13585228
0.21834977
0.09624409
0.12720951
0.16906723
0.097421214
0.10054401
0.08506328
0.10537621
0.06197876
0.07772711
0.09998291
0.07448113
0.06144876
0.031111458
0.03503224
0.030156923
0.020853447
0.016421692
0.015529332
0.01476068
0.0071530733
0.007906599
0.006183914
0.0035727322
0.003973472
0.002361617
0.0027173776
0.0022475263
0.0016423512
0.00163767
0.0019694234
0.0021275268
0.0023551479
0.0023473597
0.0022859483
0.002424317
0.0024711369
0.0026915031
0.0036417835
0.0050312346
0.0032545356
0.0025210043
0.0034424735
0.0035183842
0.0024395313
0.0016738964
0.001691134
0.0015332652
0.0010629507
0.0010733779
0.0010972259
0.0010426493
0.0010014867
0.0010258656
0.0009349617
0.0009696
0.0008661122
0.0008026207
0.00076745474
0.00080756017
0.00085388613
0.00096233445
0.0009497459
0.0013007134
0.0011819832
0.0018114436
0.0023798088
0.0031097122
0.0033279208
0.0051595178
0.0048122387
0.008209083
0.005482755
0.00518353
0.00569656
0.003129784
0.005264512
0.0069028446
0.004248565
0.005045677
0.0042256964
0.005879458
0.004488994
0.0054484066
0.008670467
0.0063509108
0.008242468
0.005856831
0.007395082
0.0069819777
0.006468198
0.00632957
0.007722713
0.005764451
0.0058329385
0.0061579538
0.009696578
0.011704929
0.007942498
0.012917962
0.011766349
0.012372417
0.024826001
0.032437872
0.04799988
0.040964432
0.049083985
0.0625898
0.045728892
0.055111345
0.08383796
0.071053475
0.06392628
0.124629155
0.14113867
0.08503877
0.09778849
0.085545175
0.14890641
0.052907225
0.04919377
0.058003526
0.037733942
0.035963066
0.033583112
0.04541036
0.038225576
0.03832257
0.05402954
0.06337384
0.032569773
0.041823097
0.03223931
0.04522463
0.02963902
0.033996858
0.029134342
0.03258504
0.018297045
0.016309002
0.012605776
0.0106640905
0.012678182
0.01107157
0.008742251
0.006572504
0.008464964
0.01012221
0.009539153
0.010064466
0.009849378
0.009013986
0.009140572
0.0084400745
0.0084030265
0.0038706483
0.0046807164
0.0031991075
0.0024518045
0.0019892855
0.0016241211
0.0014273545
0.0013397723
0.001286891
0.0013098738
0.0010537595
0.0011310871
0.0011084102
0.0012909515
0.001163837
0.0013130633
0.0011354906
0.0012223999
0.0010498005
0.0010186596
0.0011458446
0.0011812741
0.0013429143
0.001680664
0.0015848224
0.0020846406
0.001992195
0.0031492393
0.0034735233
0.0037560489
0.0038060145
0.0038193676
0.0055116727
0.006365697
0.0069431276
0.015522692
0.011301423
0.011815793
0.012784807
0.020369181
0.018845761
0.025047649
0.026849141
0.029496918
0.027667994
0.03097656
0.030832121
0.04848848
0.045957174
0.04309471
0.033646684
0.03910638
0.027649553
0.040309325
0.03812594
0.0818111
0.053921226
0.05079962
0.06257947
0.044455856
0.040869728
0.0363244
0.03866313
