0.008866727
0.015449873
0.010071186
0.008492559
0.011015218
0.0108077945
0.010310325
0.013820974
0.012383469
0.0105342
0.013626154
0.008735209
0.0106547875
0.011541062
0.015500242
0.022044556
0.034373943
0.023478035
0.03735697
0.039800033
0.06836175
0.054910388
0.059815772
0.060993835
0.06367913
0.05391856
0.056828286
0.041691713
0.034435168
0.034921248
0.03205049
0.02758358
0.016631098
0.018452443
0.017957974
0.014652058
0.021515273
0.0149690285
0.018555474
0.016145281
0.011541905
0.005803121
0.012079046
0.01256111
0.011804829
0.010618142
0.008648126
0.009413181
0.006830463
0.005067551
0.0041274675
0.0031530333
0.0038301104
0.002800501
0.0027015375
0.002899421
0.0034514514
0.004349938
0.0029669378
0.0026914761
0.001989347
0.0019486155
0.0019329406
0.0016878278
0.0016390964
0.0016598253
0.0018873223
0.0017289954
0.0018203729
0.0019684564
0.0021430128
0.0022751724
0.0023970637
0.0027104614
0.0023525266
0.0023706409
0.0029763593
0.002613695
0.0023222365
0.0021079257
0.0022084792
0.0015594816
0.0014721502
0.0016617127
0.0015203202
0.0013354255
0.0013110783
0.0011347488
0.0011992701
0.001307287
0.0014672687
0.0014721082
0.0015536641
0.0017046323
0.001971874
0.001598614
0.0023496377
0.0026274545
0.003121569
0.0033494812
0.0035167865
0.004946073
0.006110583
0.020100385
0.07050645
0.05459551
0.061850917
0.060987547
0.06565168
0.07821985
0.0810497
0.1894171
0.17378788
0.12217828
0.13604718
0.18391006
0.31446823
0.1077242
0.3808969
0.2208965
0.14216852
0.16556674
0.1876733
0.18448278
0.093006305
0.17678219
0.26064292
0.113941826
0.18212034
0.17623954
0.17419091
0.051398024
0.14831433
0.115973845
0.16948673
0.19301234
0.80130845
0.43347302
0.6409285
0.4621745
0.690021
0.5167428
0.30055496
0.7963859
0.6750082
0.41408938
0.14093897
0.65584916
0.5845056
0.34286383
0.1651145
0.17589189
0.17264631
0.11457851
0.07380614
0.14597516
0.04017865
0.11528493
0.10158566
0.12384289
0.069482215
0.6901195
0.25220406
0.23858026
0.4152785
0.29943877
0.12561025
0.076701224
0.083445735
0.07273853
0.058873914
0.03591542
0.040084533
0.050158765
0.08525629
0.04653244
0.09264957
0.043573905
0.11069402
0.026113674
0.05144502
0.047131237
0.114016995
0.052008286
0.030597504
0.06419499
0.10447184
0.08012602
0.056254543
0.08946568
0.07410197
0.09403886
0.043661963
0.057277005
0.08759124
0.11889837
0.06624919
0.1502598
0.13117754
0.12035712
0.07126409
0.13742284
0.12703624
0.2491095
0.08018627
0.21176188
0.13806222
0.18143724
0.10994142
0.09575135
0.10004152
0.12833291
0.043256246
0.047805432
0.065922305
0.12425556
0.11682176
0.09272616
0.12071084
0.2557265
0.10177124
0.10587688
0.16361694
0.18598065
0.08910489
0.04753659
0.16511258
0.09134343
0.029404633
0.047504906
0.06305527
0.034130357
0.018586108
0.03354576
0.03148193
0.018768186
0.016649513
0.021415075
0.007413796
0.0062052286
0.0049194847
0.003168481
0.0022856134
0.0023824242
0.0019775596
0.0015086842
0.0014410204
0.001542974
0.0014302812
0.0013496007
0.0014857393
0.0015284097
0.0013674266
0.0017780649
0.0028965548
0.0025452743
0.003950522
0.0065294243
0.004354689
0.0052041467
0.0076429443
0.008646348
0.005565516
0.0035827546
0.0033236407
0.002767559
0.0017021917
0.0014046542
0.0012116076
0.0010607576
0.00095289596
0.0009408901
0.00090026954
0.0008766418
0.0007584514
0.0007270818
0.00069098215
0.0007711282
0.0008168848
0.00095947675
0.00096026
0.0010053057
0.001183259
0.0011415804
0.0012317401
0.001546312
0.0019154351
0.0022542463
0.0023420067
0.0023880806
0.0028807358
0.0019979216
0.0022780926
0.0021853351
0.0028800892
0.0025459935
0.00293982
0.004507862
0.004548974
0.005238106
0.005208061
0.0048926203
0.007449025
0.0062729483
0.005495458
0.005565265
0.007869012
0.013962884
0.007214797
0.009629495
0.015133081
0.017853705
0.0093229255
0.02120804
0.041806247
0.023381967
0.01137167
0.030647853
0.014157012
0.012906967
0.024524925
0.054823164
0.102583736
0.028881015
0.04393333
0.070032686
0.035639428
0.041641504
0.057533108
0.04498883
0.034179136
0.05205034
0.067818664
0.041323304
0.04470764
0.031261235
0.049719937
0.029091204
0.024365576
0.027519587
0.015783738
0.012886601
0.010346929
0.010359505
0.009510548
0.009980022
0.011095549
0.011958286
0.0069475514
0.008369417
0.008805813
0.009950559
0.005686392
0.0051753093
0.006369516
0.0046983925
0.0037688103
0.002840325
0.0031900334
0.0031952749
0.0044844938
0.005653048
0.006972899
0.0066484115
0.006674559
0.0076973736
0.007810189
0.0085722115
0.009007795
0.00754372
0.008489649
0.009060986
0.0089772325
0.008378056
0.008803658
0.0055865757
0.0074954084
0.0057475073
0.0053387466
0.00469988
0.0049713156
0.004129295
0.0028074726
0.0027375252
0.003081639
0.002522727
0.0029705975
0.0039810864
0.0037425768
0.0019551031
0.0018884131
0.0018894252
0.0016239804
0.0013467387
0.0015673424
0.0018811122
0.0017867635
0.0019760937
0.0030873122
0.0023029537
0.003187775
0.0031962865
0.0056713787
0.0042033317
0.0042685587
0.006222543
0.005896022
0.008726353
0.009808446
0.01218657
0.015043837
0.015018345
0.020534204
0.020950602
0.023929838
0.02071941
0.024513314
0.023240628
0.021229906
0.017864393
0.019135356
0.016026508
0.024384728
0.021475777
0.022452112
0.024942944
0.02754862
0.02888047
0.04434527
0.06064381
0.10674069
0.074905075
0.08168532
0.099596456
0.060606636
0.05577631
0.045755073
0.044649515
