0.020039672
0.043715116
0.048020367
0.0329992
0.047047786
0.05713574
0.06214482
0.06127606
0.056330487
0.050804038
0.05676591
0.035450034
0.045269206
0.051739834
0.061716497
0.086456105
0.12008605
0.11866892
0.1264822
0.09894761
0.13208914
0.08571861
0.112947434
0.12013489
0.09335669
0.07812091
0.058809645
0.02892596
0.04064609
0.021629546
0.023096245
0.018472904
0.0096018445
0.012024622
0.009267147
0.0051453
0.0066544577
0.0033413442
0.005340104
0.0033625753
0.0028458284
0.0029660533
0.003256168
0.0037872724
0.003976776
0.003761647
0.0048343563
0.0042118845
0.005071852
0.007693521
0.007937209
0.008873138
0.008905764
0.006126604
0.011209831
0.008549826
0.010832343
0.015401172
0.017314669
0.024899308
0.023304751
0.07917541
0.10131385
0.10398501
0.1454001
0.11671875
0.15855552
0.17480955
0.14518678
0.17073122
0.19954802
0.14223179
0.19341853
0.13224806
0.21228158
0.11123029
0.22597574
0.11317564
0.13725403
0.1508759
0.17446862
0.15170313
0.12591246
0.19076742
0.3215083
0.15459019
0.18893047
0.19770867
0.2107742
0.10271625
0.123820074
0.10911056
0.11995771
0.09486362
0.24484125
0.081941865
0.11277909
0.06130621
0.1950781
0.112757
0.16659376
0.32667863
0.49999428
0.41967738
0.392079
0.26783746
0.41762617
0.28404987
0.14315453
0.14645413
0.14936575
0.16288736
0.16334456
0.12251941
0.08714068
0.12509707
0.121005744
0.10132592
0.078164056
0.071821585
0.069004685
0.097069874
0.08489578
0.09112539
0.056774158
0.13437903
0.12645185
0.13060741
0.08975042
0.63134223
0.37078312
0.2121481
0.28699526
0.20298827
0.10998513
0.090804495
0.093782246
0.083268516
0.0661324
0.04496509
0.05229687
0.059951562
0.09653731
0.05973221
0.14071041
0.087903924
0.13439564
0.06635874
0.23917238
0.14823559
0.31349224
0.17148237
0.17102559
0.13741305
0.18169862
0.19408001
0.13669336
0.15220013
0.15482852
0.19367139
0.08217378
0.13606781
0.13166209
0.13871482
0.027398018
0.08993609
0.09449949
0.08289817
0.04997231
0.10604166
0.08560493
0.13236244
0.039635807
0.12446489
0.08901752
0.04320924
0.07991402
0.09090842
0.11227409
0.097160056
0.068840146
0.07472872
0.13548684
0.15890294
0.15442798
0.15821467
0.16862589
0.45267177
0.2504892
0.28212056
0.29738086
0.32802573
0.09909203
0.071480885
0.104576945
0.08001174
0.042422596
0.061181735
0.07407557
0.031781085
0.01907367
0.033682175
0.023141023
0.013519609
0.013475227
0.028278163
0.00952178
0.007033435
0.008716484
0.004119932
0.0026909334
0.0020709746
0.0018002583
0.001459911
0.0011916682
0.0013538129
0.0014318206
0.0012956163
0.0013275184
0.0015626939
0.0015577808
0.0016726418
0.0020105527
0.0019966129
0.0021755293
0.0039496515
0.0030619537
0.0027616287
0.0040874546
0.0060253465
0.003160527
0.002225743
0.0019423132
0.0020264988
0.0012534406
0.0013691187
0.001242202
0.0010730425
0.0010133957
0.0010377349
0.00094553706
0.0009186705
0.0008640292
0.0008267601
0.0007417423
0.00085775886
0.0008836115
0.0009068608
0.0010195664
0.0010329678
0.0012546488
0.0013578559
0.0015871767
0.0029452622
0.0028821086
0.0039001687
0.0036384147
0.004172558
0.0047295117
0.0036543144
0.0033328685
0.0056705074
0.005280875
0.0045560445
0.006139023
0.0065314323
0.0061498294
0.0054202247
0.0072780545
0.0094325105
0.0075329496
0.006397523
0.006253936
0.007996777
0.006101222
0.008300908
0.0075185685
0.007979323
0.006369332
0.00519524
0.0089059025
0.011753603
0.008984787
0.008964125
0.015261794
0.013002321
0.011499013
0.02415711
0.047228232
0.087864555
0.040159404
0.068558045
0.112247795
0.05744898
0.06522673
0.08949703
0.08578012
0.06183136
0.07872828
0.10158688
0.07141261
0.06838653
0.047537494
0.07457371
0.045226835
0.0411799
0.04419192
0.030895108
0.03034028
0.023582764
0.023625614
0.01998986
0.023468623
0.028138457
0.028800843
0.023896605
0.026306367
0.023956148
0.026392024
0.018139398
0.021423852
0.014686835
0.011244789
0.01550731
0.011108956
0.008051787
0.009936803
0.012375442
0.01084739
0.008337131
0.009994048
0.0104064625
0.009293886
0.0078700725
0.007574438
0.0076583447
0.003961096
0.00510917
0.0036596397
0.002973682
0.0024513751
0.0020036793
0.0014884624
0.0013820429
0.0014121514
0.0015832704
0.0011753987
0.0014461674
0.0013137339
0.0020088952
0.002030412
0.0018672744
0.0017517969
0.0019221553
0.0016490481
0.0016079075
0.0017211337
0.002086143
0.0022322235
0.0025628665
0.0026399675
0.0036721618
0.0037562237
0.0058767013
0.0070544435
0.007014422
0.0073628626
0.007173319
0.008548541
0.010211281
0.009157288
0.019180363
0.018034179
0.015250957
0.016496373
0.024267245
0.025423858
0.02663596
0.024185723
0.032306373
0.024971928
0.024703411
0.024550457
0.043260366
0.03963125
0.03300647
0.02845323
0.03442331
0.023883592
0.031370908
0.03192173
0.062917374
0.041201875
0.039954923
0.047250677
0.03534252
0.035725616
0.032030866
0.034193717
