0.018780265
0.040508274
0.04688242
0.029117582
0.04219756
0.049035423
0.058105465
0.05071386
0.04553444
0.048692938
0.0561495
0.03224266
0.041683882
0.04878747
0.056839302
0.07973039
0.12739368
0.12522686
0.13109136
0.12064629
0.16145912
0.11060993
0.139358
0.15671124
0.12716115
0.0998808
0.08135714
0.037351757
0.049749076
0.025285672
0.027942043
0.022570333
0.011556319
0.014742543
0.0124271205
0.0062422114
0.008853491
0.0037226423
0.0062426105
0.003637668
0.0029226742
0.0031836184
0.0032857754
0.0033930903
0.0040113106
0.004094514
0.0053776996
0.0046882527
0.0061023524
0.008556793
0.008602496
0.009599537
0.00970733
0.0069491533
0.010556699
0.008261918
0.011349948
0.014176112
0.013279465
0.017030288
0.016985644
0.0664335
0.08533728
0.08865349
0.13235717
0.10649447
0.14242353
0.1585706
0.14182892
0.16790023
0.19554015
0.14256145
0.19224365
0.13846095
0.21825123
0.117478125
0.22898507
0.11788842
0.11762504
0.15321006
0.17457923
0.1610425
0.11919051
0.20486113
0.30332556
0.15485227
0.22906141
0.25464973
0.22024508
0.090522684
0.22562997
0.1928451
0.24670623
0.32441655
0.8067473
0.56165564
0.6946697
0.5907136
0.7554003
0.5231383
0.39649382
0.8040837
0.6724353
0.40180525
0.16644813
0.64099956
0.5468825
0.29013562
0.12530544
0.13667342
0.07942811
0.08777108
0.060637534
0.06401774
0.028617138
0.09677567
0.069207616
0.09521403
0.054077838
0.5880874
0.26828405
0.13264243
0.26119044
0.19580439
0.105641514
0.07184344
0.091038115
0.07690683
0.059405513
0.04368122
0.053538743
0.06701227
0.10722024
0.07068867
0.14538501
0.08594667
0.13774513
0.056601606
0.20151654
0.12033585
0.27498952
0.1382958
0.12528475
0.12038252
0.16452882
0.17517917
0.11079155
0.14955042
0.1687563
0.21311846
0.20172271
0.20842831
0.24317461
0.2187759
0.09389186
0.20011775
0.16311142
0.11707041
0.08311824
0.18366091
0.13105445
0.17476325
0.11032958
0.22701468
0.11235952
0.115639895
0.18817887
0.1732838
0.09939161
0.1493876
0.08299052
0.079688
0.11200153
0.18877491
0.16542315
0.10241538
0.11434057
0.37789658
0.14955188
0.13126348
0.19960278
0.25627038
0.074414
0.058998045
0.093586184
0.08196515
0.029874334
0.054051552
0.07242841
0.029036505
0.01591338
0.029514339
0.021611743
0.00970311
0.010602959
0.021296633
0.0061475565
0.004396302
0.0058050165
0.0029718631
0.0018913787
0.0016995393
0.0015925189
0.0013260929
0.0010368989
0.0012362625
0.0013452747
0.0012686139
0.0013735704
0.0017242562
0.0018686499
0.0020210422
0.0025013043
0.0023515353
0.0026371977
0.005236335
0.003978723
0.0033020957
0.0051000603
0.008010012
0.00398946
0.0026906135
0.0026221504
0.0027202594
0.0014586395
0.0015472098
0.0013277334
0.0011213276
0.0010235007
0.0010422351
0.00092434464
0.00090724835
0.0008371936
0.0007785021
0.000720508
0.00088281493
0.00088266685
0.0009294098
0.0011246278
0.0011159027
0.0013927234
0.0016217143
0.0018839856
0.0029979197
0.0028536154
0.0036270514
0.003735761
0.004338349
0.004677674
0.0040789284
0.0039131283
0.005762863
0.0052566915
0.004648063
0.0067418404
0.006823803
0.0063389125
0.0054864194
0.0069373404
0.009010405
0.00696647
0.00598371
0.005630207
0.0074421396
0.005431359
0.0060591446
0.0059767994
0.006582571
0.0055447984
0.0044404636
0.0075418353
0.009519806
0.0069869757
0.0072095287
0.015670864
0.012198608
0.010696765
0.026152022
0.05862843
0.0979969
0.04960199
0.08960767
0.1345161
0.07049123
0.0867116
0.11388619
0.11001204
0.08117485
0.110638544
0.13583635
0.08610375
0.07720542
0.057408173
0.080133885
0.044843473
0.0424568
0.045561034
0.03220315
0.030135049
0.024063438
0.02732784
0.023291284
0.022658138
0.029559867
0.028944114
0.016283968
0.018419445
0.020672375
0.020569373
0.0091608325
0.011533802
0.008662139
0.006319899
0.0068584066
0.008126184
0.00666114
0.006201789
0.008088082
0.010110507
0.009131214
0.011229774
0.012514342
0.01060415
0.008120103
0.007377804
0.0076118973
0.004050818
0.0050679
0.0039857044
0.0028748987
0.002307202
0.0017547566
0.0014650702
0.0014053134
0.0013493783
0.0014612922
0.0011001419
0.0013366039
0.001295114
0.001716349
0.0015770865
0.0017632801
0.0015218708
0.0015307998
0.0013450633
0.0013963397
0.001409271
0.0016575925
0.0017647923
0.002066531
0.0019979884
0.002659846
0.0028486482
0.0041343924
0.0048406776
0.0052960184
0.0057158717
0.0048670154
0.0065744375
0.008592783
0.0075319093
0.017209947
0.01764566
0.014165719
0.015616116
0.025091397
0.029272273
0.032378018
0.029174997
0.038892962
0.029220408
0.030330082
0.02989272
0.048136443
0.045895163
0.039258555
0.033150934
0.040106483
0.027809748
0.04116179
0.03887856
0.07833905
0.053405065
0.052814066
0.06472695
0.045534313
0.04217469
0.03787404
0.04014577
