0.009153338
0.0152814
0.013819694
0.010339041
0.012805115
0.016369868
0.016189028
0.017899474
0.01667886
0.017860595
0.021918263
0.0151598975
0.021593641
0.02523582
0.02812907
0.05530522
0.07121875
0.051472284
0.06080535
0.081255764
0.11741694
0.07492688
0.086729385
0.09130066
0.09062834
0.07712885
0.07986172
0.053889696
0.046130974
0.038552582
0.041584622
0.032937247
0.02054201
0.021434141
0.013632911
0.012688249
0.015886191
0.008491271
0.011252542
0.012312037
0.007243259
0.004883287
0.012155293
0.012843702
0.008706099
0.010643279
0.009848903
0.010255444
0.006988441
0.0056453417
0.0063732686
0.003851505
0.00331449
0.0027697522
0.0029121034
0.0021519954
0.0020827875
0.002486162
0.0019987149
0.0017484297
0.0013937
0.0015245512
0.0015958567
0.0013154265
0.0015842204
0.0018761284
0.0023047612
0.0025675786
0.00404218
0.0045733913
0.004722729
0.005304752
0.0052963346
0.0069058198
0.006556977
0.0055462024
0.008063693
0.00633365
0.022020174
0.014996853
0.020183682
0.048722606
0.036458973
0.00925735
0.008174387
0.021550335
0.0063062767
0.007994206
0.010225079
0.008569691
0.004974213
0.0047353148
0.0057582967
0.00561856
0.008005013
0.0037042426
0.009110739
0.006866684
0.0042705107
0.0071647693
0.010573197
0.022329377
0.017884206
0.06698404
0.18892038
0.14260164
0.1468812
0.13072278
0.16483088
0.109912656
0.11214983
0.27042437
0.23788594
0.14831081
0.21688423
0.23026021
0.4270819
0.13924988
0.49914375
0.2133692
0.15457661
0.20258048
0.19598566
0.16487184
0.08386111
0.15462326
0.27602112
0.08231134
0.14943783
0.139734
0.13937947
0.04360589
0.11986789
0.09328176
0.15093063
0.22552466
0.83283514
0.5899744
0.7440126
0.5972067
0.7810869
0.6367361
0.41183412
0.8191031
0.70402104
0.4119033
0.15420568
0.6544563
0.5344082
0.29173225
0.12505029
0.15831135
0.081557855
0.10378974
0.06439896
0.09376004
0.029610138
0.092871
0.073747426
0.12683117
0.054903418
0.5684164
0.2759365
0.17485674
0.25390255
0.17448844
0.08974017
0.059623484
0.069566615
0.05532599
0.05407462
0.035001673
0.04674548
0.06255166
0.09587005
0.055004053
0.112566754
0.063101456
0.0592196
0.02939478
0.0721213
0.05499614
0.041614395
0.06101212
0.06971034
0.088020526
0.15792902
0.32757482
0.39099103
0.14737062
0.26100323
0.34917983
0.19752826
0.14593756
0.12888388
0.2323462
0.059647046
0.14469731
0.113477655
0.093212254
0.07244249
0.15995358
0.1423399
0.20730905
0.16543801
0.22042504
0.1516043
0.14724581
0.20903729
0.20705839
0.14771345
0.16703708
0.07179929
0.07568451
0.09575443
0.11418744
0.11268603
0.114099
0.14338589
0.23212692
0.09703131
0.12959652
0.15442257
0.09619375
0.080510825
0.06332654
0.07843264
0.046536654
0.039944023
0.038581222
0.03940534
0.03753837
0.017961364
0.02143903
0.01868839
0.012644967
0.006963743
0.0056571825
0.0040337555
0.0020349931
0.0025067376
0.0017715244
0.0014705202
0.0017034983
0.0016591649
0.0017990839
0.0016247582
0.0012911698
0.001328501
0.0013979984
0.0014326457
0.0014405724
0.001888235
0.002779834
0.0031357869
0.004171173
0.005536207
0.0047562923
0.00436827
0.0056863814
0.0073738876
0.0055464706
0.0039495598
0.0051030517
0.0036460632
0.0021157034
0.0019119013
0.0013190988
0.0011534981
0.0010660173
0.0011435008
0.0010605146
0.00101013
0.00093410513
0.0009409918
0.00084990537
0.000965078
0.001129167
0.0011701939
0.0013402374
0.0019019246
0.0016291637
0.002173916
0.0026970957
0.003229777
0.0029377828
0.0037298044
0.0035856871
0.0031771346
0.0024287943
0.003551844
0.0029101532
0.0028259836
0.004377404
0.0048459065
0.004439751
0.0047683157
0.0054967557
0.0068075093
0.0052659125
0.00569281
0.007241723
0.008548096
0.019597378
0.0151858395
0.0114430925
0.015512878
0.020634962
0.010217563
0.018942328
0.027248316
0.021842796
0.010407868
0.025816431
0.014437719
0.013767943
0.028822443
0.059008494
0.10786466
0.036941253
0.047340337
0.097424105
0.04910128
0.04850945
0.07252078
0.070799746
0.056414854
0.07990321
0.09419924
0.06522112
0.06338842
0.043785695
0.070186034
0.040805627
0.035153273
0.037196405
0.020523407
0.018146569
0.014821611
0.014876957
0.012581003
0.013253562
0.016070526
0.019804569
0.008091579
0.010467762
0.009104422
0.00902123
0.004437846
0.0049887034
0.0053221164
0.0043756342
0.0033207324
0.003375839
0.003033656
0.003666991
0.0045468328
0.005401118
0.006600471
0.005666589
0.004980849
0.0061473437
0.006679528
0.007876535
0.00736805
0.00821207
0.00906028
0.0087406235
0.008958435
0.008215722
0.008413578
0.0049049095
0.005512112
0.003962349
0.0032809724
0.00287759
0.0026652326
0.0020799045
0.0017063924
0.0015992366
0.0016610016
0.0012559467
0.0014560082
0.0014259585
0.0014430054
0.0012473239
0.0013721791
0.0012008271
0.0012898147
0.0011107668
0.0010988896
0.0011899576
0.0013793907
0.0014231658
0.0018587498
0.0015926145
0.002075725
0.0020589936
0.002874897
0.0029977218
0.0036447572
0.0047300053
0.0052407254
0.007849481
0.009218851
0.010011089
0.014117328
0.015682658
0.017730827
0.018115913
0.022159614
0.020385735
0.021932904
0.021236239
0.019657116
0.015376672
0.016514169
0.014007235
0.018955989
0.01631529
0.016979674
0.017865004
0.019566316
0.017848037
0.023181673
0.0292924
0.04221061
0.040180176
0.04215098
0.048278328
0.038256742
0.037659097
0.03548886
0.03309666
