0.011321758
0.022374755
0.01783313
0.015288032
0.023962181
0.02818898
0.024740418
0.034172162
0.028831493
0.026240138
0.026292339
0.022025462
0.024413288
0.029788332
0.037862815
0.051333804
0.07480271
0.07129391
0.08242336
0.08871214
0.10396178
0.089277886
0.0916012
0.086847454
0.08253544
0.06803847
0.062357016
0.04227043
0.05051892
0.034463685
0.023287835
0.021814134
0.011181848
0.010285607
0.0072496496
0.0060247355
0.008246348
0.0054004006
0.0068337284
0.0056959447
0.0038418758
0.0029136576
0.0033107952
0.0053423843
0.003447083
0.0033677025
0.0029403232
0.002755745
0.0030610936
0.0022374303
0.0024825246
0.0021546562
0.0022105249
0.0021720768
0.0020510012
0.0017089376
0.0016845624
0.0021399998
0.0015913608
0.0014032464
0.0012986566
0.0015060145
0.0015380768
0.0016016656
0.0015127714
0.0015239009
0.0022318063
0.0021637618
0.00207774
0.0022641001
0.002986301
0.0028214466
0.003867397
0.0042855907
0.0038594278
0.004551285
0.0051955455
0.0073596435
0.006698845
0.0072585535
0.008186926
0.010211406
0.009442269
0.0101103205
0.029879548
0.059994373
0.09465894
0.096625604
0.076771356
0.109164
0.12458158
0.09878866
0.19727822
0.2005727
0.11299827
0.17150883
0.16164841
0.2079135
0.11710711
0.21341512
0.23307744
0.15821892
0.14439927
0.15491687
0.1967119
0.13051644
0.19183707
0.14878914
0.16479312
0.16023731
0.13025227
0.10520845
0.08010192
0.14805381
0.09958894
0.13123281
0.2781147
0.8487655
0.596393
0.74343777
0.66096646
0.8035455
0.4573594
0.45682022
0.84306383
0.6849367
0.36679056
0.1745429
0.6472041
0.5514074
0.36564282
0.15364018
0.18762992
0.11209475
0.1365424
0.12168537
0.10348856
0.05688426
0.18437211
0.16350655
0.15067342
0.103769824
0.6468923
0.28173655
0.15341839
0.2637216
0.16661996
0.07570362
0.047998223
0.06308928
0.053311158
0.045738235
0.034306172
0.045219913
0.052024126
0.093914464
0.06035857
0.13944767
0.07345137
0.13584845
0.05112128
0.17959926
0.11516322
0.27317372
0.114764586
0.07971367
0.0972674
0.14123505
0.11406581
0.087474465
0.14753212
0.1408859
0.16295485
0.23539062
0.16850986
0.18860582
0.18544035
0.06683118
0.15048002
0.12280446
0.1028476
0.06848205
0.13450195
0.112573564
0.16389394
0.06257662
0.20995623
0.1616125
0.08236378
0.1472708
0.16929191
0.15273075
0.15131053
0.11993172
0.0952919
0.13346124
0.16870573
0.16251366
0.12703589
0.1631447
0.36231533
0.17952265
0.23117441
0.30751312
0.31486917
0.12843339
0.08869376
0.13816962
0.07025014
0.037174724
0.060195915
0.06435931
0.02600117
0.018939085
0.031650934
0.021490462
0.009732036
0.011023298
0.018381912
0.00519933
0.004114481
0.0057799206
0.0020048183
0.0015086556
0.0013037638
0.0012380902
0.0009973524
0.00085862813
0.0009504252
0.0009332921
0.0009798005
0.0011260465
0.0012906011
0.0013611601
0.0017018368
0.0019431897
0.0017590533
0.002886715
0.004413519
0.0033620861
0.002656956
0.00379091
0.0039820224
0.0023317602
0.0014425231
0.0012389135
0.0011942271
0.0010597395
0.000994621
0.00096601906
0.00093673967
0.0009382206
0.0009245939
0.0009039479
0.0009122264
0.00088812603
0.0008330775
0.00090775854
0.00082581444
0.0009503736
0.0010273668
0.0011084154
0.0011702714
0.0010824647
0.0013322021
0.0017534574
0.0018698748
0.0025130587
0.0029859873
0.0034189422
0.00481365
0.00489178
0.004416432
0.00432774
0.0031886674
0.0043340074
0.0052817096
0.0040707444
0.007438079
0.0068384646
0.007021025
0.00569149
0.006389919
0.008334829
0.005958411
0.006671411
0.008203274
0.009145804
0.015293754
0.008570753
0.006989629
0.008973887
0.0108232675
0.0066203238
0.011388532
0.017337816
0.0148094315
0.006501334
0.014220787
0.010162547
0.0107658785
0.02171917
0.054186463
0.10750292
0.033773474
0.041275967
0.078911915
0.051503003
0.050956637
0.09567155
0.07912745
0.07334933
0.10263507
0.12486755
0.06742783
0.0857735
0.05749116
0.08472158
0.043092255
0.039259866
0.044707723
0.030885786
0.029322965
0.027423875
0.037594967
0.028079355
0.033155397
0.047317874
0.0684742
0.02135818
0.022500243
0.025007494
0.03842154
0.0234788
0.030043522
0.028885951
0.021793012
0.017186597
0.016815335
0.015088515
0.009028791
0.013350538
0.014535647
0.017048674
0.011475951
0.012831442
0.014071352
0.014755397
0.020373378
0.01944988
0.022946987
0.031619612
0.038448963
0.029501189
0.020403607
0.02448512
0.027392376
0.014169156
0.024257367
0.019831996
0.0144859785
0.013804008
0.010299708
0.008076396
0.00600478
0.008454456
0.0095142005
0.006732507
0.008655872
0.0062936232
0.0047274246
0.005395719
0.005244871
0.008284073
0.0056315786
0.0077137332
0.009850637
0.005590569
0.008100375
0.0065134214
0.007661969
0.006034306
0.0069915657
0.012116608
0.006215747
0.009763755
0.011337802
0.011801698
0.012584031
0.017491536
0.037470397
0.06134714
0.054620646
0.08683489
0.09002555
0.117276266
0.08858429
0.09150198
0.11870972
0.24147634
0.16605276
0.12211965
0.3173007
0.124196455
0.1997852
0.1019597
0.16852117
0.2727976
0.17264491
0.19487123
0.3690488
0.25223815
0.22840501
0.23987968
0.24356182
0.2129831
0.34131885
0.26332447
0.17304401
0.19781445
0.29797745
0.17283314
0.15975465
0.17162208
0.19482936
0.1814991
0.13777028
0.21783267
0.19133952
0.20663382
0.2128871
0.17718795
0.15902916
0.20128149
0.16296296
0.16411936
0.12377343
0.1574535
0.20369808
0.14148092
0.14684995
0.12131893
0.11366108
0.123067595
0.1232336
0.124587454
0.1267767
0.087290496
0.085392684
