0.007629975
0.014719378
0.012378129
0.0075815707
0.010271709
0.01061416
0.011838564
0.01671329
0.012943073
0.019648619
0.019897971
0.012847173
0.017249081
0.0334281
0.037472975
0.046702195
0.08264137
0.07540264
0.07377886
0.07462411
0.111673206
0.06694192
0.060963083
0.067545906
0.06462898
0.040361986
0.048567105
0.03444887
0.039205927
0.020964634
0.017021565
0.019903254
0.012046882
0.010161905
0.0074682953
0.005643447
0.006649271
0.0038697147
0.0047732717
0.0043932186
0.0024644297
0.0022198185
0.0018900101
0.001904276
0.0016445036
0.0017271412
0.0016349475
0.0015510855
0.0019174106
0.0014038701
0.0014265004
0.001791854
0.0016556539
0.0017099214
0.0014194119
0.0016851223
0.002016692
0.0022389041
0.0017703266
0.0017607522
0.0014991123
0.0015621359
0.0016347256
0.0020619319
0.0018629088
0.0018595409
0.001851692
0.0023355747
0.002368605
0.002652931
0.0031389736
0.0039890236
0.0030344275
0.004297288
0.005607454
0.0057528536
0.006838299
0.007637803
0.005386266
0.009560898
0.007871671
0.009482775
0.01064918
0.013269866
0.018293021
0.020057593
0.04971339
0.06649788
0.07184662
0.106080316
0.08591307
0.108781524
0.10858434
0.10954357
0.13772063
0.13557737
0.10947178
0.1338679
0.115911745
0.13502054
0.114649005
0.19367301
0.08675235
0.18369466
0.14499862
0.13079563
0.13793245
0.10203347
0.13487919
0.10238963
0.108859435
0.12719549
0.11498994
0.06655236
0.06438588
0.19864947
0.11321831
0.13822204
0.48592508
0.8878041
0.650148
0.77942383
0.743513
0.86506134
0.61937803
0.49549446
0.8470957
0.7218389
0.41515005
0.16967347
0.6710592
0.52467376
0.24021375
0.12713057
0.2254678
0.09410851
0.07926337
0.10508886
0.13811058
0.050315816
0.16582504
0.22986612
0.07061672
0.109349586
0.6660279
0.3226075
0.17198968
0.38035816
0.3236138
0.18232489
0.13707975
0.16298378
0.22429112
0.10724113
0.078869075
0.0709208
0.07074514
0.0999646
0.05520762
0.0811814
0.049213074
0.065590486
0.04137944
0.089241795
0.07373179
0.12029777
0.10229904
0.056947377
0.101244636
0.15461156
0.16409007
0.11988306
0.18326396
0.16218758
0.22754608
0.17780498
0.23766378
0.15288511
0.21876775
0.1184287
0.2997463
0.1831819
0.15095256
0.10345326
0.32450318
0.16279122
0.25823793
0.10823582
0.29385713
0.17099042
0.12738578
0.18311396
0.32283553
0.16877212
0.17334631
0.097857885
0.101024896
0.17348178
0.21788296
0.1645498
0.09593712
0.117488906
0.26781157
0.16015919
0.14186828
0.23768759
0.21943773
0.09891981
0.08936842
0.18833494
0.082789466
0.04407718
0.06535547
0.07319742
0.036907285
0.017636688
0.031240579
0.021683022
0.0072090304
0.006460722
0.009693492
0.0039252425
0.0029342903
0.003411039
0.0023470605
0.0018226904
0.0017475104
0.0017638894
0.0017495886
0.001725681
0.0016758619
0.0016782824
0.0020078667
0.0020599873
0.0026449037
0.0026989998
0.0038063745
0.0040534907
0.0033915234
0.007935606
0.009113103
0.007311979
0.007965543
0.008052049
0.009296472
0.006273145
0.0053797103
0.005139175
0.0034241437
0.0037999952
0.003562531
0.002428086
0.0022797382
0.0024358148
0.0017460911
0.002407552
0.002291554
0.0019024805
0.001825048
0.0017348
0.0017328548
0.0017430683
0.0020841705
0.0021000307
0.0024672353
0.0024050784
0.0033568302
0.0037658468
0.004781939
0.006943993
0.008140929
0.004218125
0.0060827616
0.008242413
0.0067669586
0.009578774
0.010417105
0.00857359
0.008945383
0.008468026
0.022406863
0.012243529
0.023848645
0.016854329
0.018399946
0.019005861
0.016806247
0.014445558
0.01811711
0.01246399
0.014254899
0.012981539
0.01709949
0.018173112
0.02628344
0.028616806
0.023806222
0.03582892
0.057273503
0.09054777
0.12794065
0.10887559
0.13382241
0.15134265
0.12821497
0.13219701
0.13479507
0.15988104
0.121266946
0.13937509
0.18454956
0.1253989
0.1334891
0.09342776
0.18297046
0.0561035
0.044505343
0.05877653
0.037372064
0.03247976
0.023415681
0.019960344
0.013302529
0.0114130555
0.014426154
0.015345623
0.007467525
0.0075084837
0.005113622
0.0073002237
0.0030352338
0.0024858
0.002397552
0.002579152
0.0020430097
0.0016852723
0.002216322
0.0018636795
0.0016617996
0.0015624401
0.0016500894
0.0011600566
0.0013348185
0.0015386649
0.0016785676
0.0012061922
0.0012402772
0.0011482249
0.0011450207
0.0014849048
0.0016169156
0.0016879427
0.0026171806
0.0023865711
0.0029218642
0.0033416648
0.0056936387
0.005930161
0.0058133528
0.007470742
0.0060890373
0.00809471
0.008699607
0.008627604
0.015540233
0.015059383
0.018930033
0.014594506
0.025428703
0.026084356
0.022019219
0.017849902
0.024431828
0.0192766
0.020117985
0.017662415
0.03653022
0.03174668
0.025829794
0.023692714
0.032100245
0.022531895
0.029087365
0.03265433
0.07897065
0.041697618
0.039333455
0.044575598
0.030021327
0.031373225
0.028776376
0.031141687
