0.005055969
0.009304354
0.0075224442
0.0058896057
0.008983594
0.011307664
0.013664758
0.013809923
0.020149432
0.017251547
0.014256803
0.014908073
0.023418332
0.024974287
0.023626722
0.03507971
0.047665842
0.042437337
0.048683926
0.05580065
0.08585224
0.058560226
0.058966193
0.06681886
0.063226424
0.06699793
0.053018536
0.043857064
0.04680467
0.03065403
0.016149016
0.015888622
0.008989757
0.00978073
0.005340327
0.005904695
0.0066835782
0.004206342
0.0036080095
0.0026443452
0.0022405686
0.0017313196
0.0020789702
0.0019041082
0.0025923154
0.002931995
0.0023732053
0.003241819
0.0027958797
0.0023325924
0.0026246868
0.002595965
0.002182779
0.002204363
0.0027439713
0.002297621
0.0028567596
0.0039783097
0.0029689907
0.002903634
0.0021024924
0.0032298155
0.0033964945
0.0019990383
0.0026264265
0.0021391048
0.0022861767
0.002809493
0.002292954
0.002841838
0.0022796548
0.002867104
0.0028817963
0.0022589562
0.0030116031
0.0019415601
0.0021232693
0.0026926077
0.00305139
0.0047669443
0.005330433
0.00718468
0.010191516
0.010761741
0.029931907
0.047147896
0.045935337
0.07745644
0.0708333
0.08043854
0.10341462
0.075068116
0.16727144
0.19307616
0.11871835
0.1662629
0.1822706
0.22339207
0.115396485
0.2793505
0.20900662
0.14142306
0.1607342
0.1938813
0.22206847
0.120081276
0.17802827
0.25628757
0.13378204
0.18266732
0.17190203
0.19568753
0.07394512
0.16352944
0.12347607
0.23379907
0.3068963
0.8033589
0.46600902
0.70913726
0.56932586
0.79266363
0.65266734
0.44417512
0.81849045
0.7292095
0.4527578
0.18963484
0.6870376
0.51783824
0.2887304
0.12451527
0.16499949
0.086296216
0.10638848
0.07172587
0.10481003
0.028999837
0.10007126
0.08103743
0.12777528
0.058750764
0.6082788
0.31150883
0.1884695
0.26303613
0.1892197
0.10487904
0.064656146
0.07127977
0.063427076
0.051943954
0.036954332
0.04834502
0.06342555
0.09772469
0.060728505
0.14754575
0.08218899
0.11822483
0.04056139
0.1862866
0.1661864
0.12722276
0.1075816
0.07244249
0.121239044
0.14632323
0.23987909
0.119884595
0.17264925
0.22773828
0.2500584
0.19112425
0.20876431
0.21563694
0.21139461
0.09051447
0.2601301
0.17505585
0.12978494
0.1187187
0.26732293
0.12122685
0.1598703
0.10810654
0.121141545
0.08696578
0.062069137
0.07168798
0.13665472
0.11383399
0.123970345
0.08190689
0.0942699
0.09976288
0.11511807
0.11450011
0.10285824
0.11672857
0.19671904
0.090759024
0.08544577
0.09535308
0.10458786
0.052210644
0.029345721
0.05044599
0.037796117
0.011538956
0.020997642
0.026290018
0.016717851
0.009880597
0.015844714
0.014142192
0.00736149
0.0075063384
0.0070996983
0.0045942604
0.0042110505
0.0059453626
0.0046404144
0.0038004445
0.004776922
0.004934629
0.0039278576
0.0035062481
0.0026850419
0.002439364
0.0032006542
0.0031783157
0.003896388
0.0038728663
0.0035035536
0.005062469
0.0060738823
0.004667676
0.0042505
0.005023952
0.005516024
0.00340444
0.0023380527
0.0017568106
0.0018445714
0.0012081112
0.0010280928
0.0009804107
0.0010450438
0.00092823274
0.0009582256
0.0008979158
0.0009480968
0.0007595084
0.0007414984
0.0007366078
0.00090672035
0.0011693643
0.0011334782
0.0012133284
0.001717235
0.0021670535
0.0014811321
0.002010545
0.004289772
0.0035624597
0.004672009
0.004895031
0.007423905
0.0074903416
0.005290801
0.007961042
0.004072636
0.005470063
0.009067514
0.0063902494
0.0072674067
0.0077935006
0.011669932
0.0071291537
0.0053677415
0.009515409
0.007638059
0.008040301
0.009004994
0.013752037
0.023139762
0.013452775
0.0076353424
0.015097516
0.017173933
0.009646646
0.021847952
0.046038426
0.027119707
0.013678042
0.0331295
0.019810235
0.017928373
0.04467338
0.06733796
0.09481893
0.03722813
0.05542675
0.10229844
0.05048944
0.06126655
0.0923168
0.09204808
0.070632555
0.09472909
0.12725997
0.082359724
0.073951975
0.05456045
0.07967457
0.040866457
0.030719573
0.034551397
0.025446553
0.019753242
0.017147271
0.0195009
0.016369676
0.018974485
0.025707407
0.036514293
0.012501508
0.015791496
0.014615937
0.018643137
0.009923681
0.007601703
0.0076977117
0.0064188787
0.004732273
0.003814313
0.0038324874
0.0036428908
0.0047483286
0.005765156
0.007103043
0.0050996104
0.0044484893
0.0050249174
0.006202289
0.006476569
0.005306846
0.006287328
0.008740235
0.008640754
0.008031429
0.008590423
0.008718256
0.00575344
0.0066249412
0.004747421
0.003948264
0.003662031
0.004109166
0.0024232515
0.0017510217
0.001554305
0.0015234853
0.00130675
0.0012687553
0.0014094723
0.001404869
0.0012569382
0.0012919453
0.0011694223
0.0012632621
0.0010984417
0.001161093
0.001433268
0.0018249456
0.0018166942
0.0030454395
0.0037668233
0.0049350457
0.004855445
0.006819173
0.007645809
0.0063381707
0.007096331
0.009443508
0.013093717
0.013584584
0.016861038
0.01964096
0.018175442
0.021250932
0.021404855
0.023986325
0.022015316
0.02266008
0.019652909
0.016838653
0.014432359
0.015883418
0.01368819
0.017146694
0.014952606
0.0163564
0.01268893
0.017269501
0.013514764
0.013262045
0.016659219
0.021473512
0.027124349
0.028006885
0.032938264
0.027414083
0.02842854
0.029316885
0.028302059
