0.0051612537
0.008154047
0.0061125993
0.0041681477
0.0050889375
0.004695902
0.0057201656
0.006760206
0.008802102
0.009043261
0.010167267
0.009253629
0.010705478
0.01409243
0.014870277
0.023807608
0.045076184
0.031473044
0.05712801
0.09276669
0.121531054
0.09891623
0.13541509
0.13050847
0.094438426
0.081802934
0.087556444
0.03919729
0.037893713
0.030049805
0.02595333
0.019749513
0.018873723
0.01654246
0.012193709
0.008206557
0.00864486
0.0050567323
0.0037762132
0.0033087567
0.00321539
0.0031106493
0.00260482
0.0030794747
0.0034536268
0.0030677263
0.0022748834
0.0036942533
0.002975505
0.0023982762
0.0027010322
0.0028478138
0.002480525
0.0021268346
0.0020828212
0.0016357945
0.00171397
0.002721886
0.002487094
0.0027874133
0.0035067946
0.0033045479
0.002930356
0.002524872
0.0033421156
0.003038413
0.0033182872
0.0034700623
0.0036833303
0.0045275893
0.008807819
0.007705751
0.018627921
0.015339824
0.01564741
0.008833734
0.014041204
0.010644292
0.010400194
0.015577409
0.01504094
0.017605396
0.020620588
0.051979117
0.07318403
0.063702166
0.10314635
0.09008154
0.10117393
0.1097014
0.10380858
0.13715968
0.16442455
0.11175379
0.18283565
0.12571414
0.21449164
0.104323104
0.20202745
0.07002714
0.14990176
0.15173516
0.1203092
0.11070073
0.09740122
0.13440108
0.1265044
0.10603976
0.1084527
0.11409593
0.18471186
0.23660669
0.12568122
0.23307894
0.3855621
0.7383032
0.27850416
0.56463665
0.5119519
0.6464406
0.4693975
0.38735408
0.7999316
0.662695
0.37965816
0.12269879
0.632005
0.492653
0.123324394
0.05374566
0.1473404
0.0802607
0.061073624
0.067857474
0.13257843
0.03056266
0.06751999
0.13668986
0.070675686
0.07531207
0.59413886
0.35609886
0.0825484
0.20250563
0.20457412
0.13002685
0.07351026
0.094691105
0.18852092
0.08600368
0.0563946
0.055695
0.08810017
0.10351123
0.06000279
0.13984624
0.07064564
0.12364416
0.03827217
0.122776054
0.0903677
0.20763421
0.09563723
0.06477823
0.09880086
0.1783066
0.11982036
0.06552053
0.118506625
0.11719618
0.13765036
0.1762618
0.18619305
0.13832477
0.17459571
0.08070147
0.14525978
0.08784384
0.09460416
0.080385946
0.12300691
0.08110589
0.12215237
0.07284209
0.193827
0.09989207
0.07364502
0.19471674
0.08794503
0.15242556
0.17361702
0.059473846
0.10439192
0.09997018
0.10214268
0.06358634
0.09081674
0.14452319
0.26423192
0.15670228
0.25293514
0.34143627
0.31565624
0.12340112
0.09666862
0.10279169
0.08625992
0.04208223
0.08218497
0.07305021
0.027814943
0.015040092
0.034970023
0.020048693
0.009213109
0.015079906
0.01735093
0.0066993907
0.006340045
0.007407574
0.002849362
0.0020714812
0.0016496817
0.0016476089
0.0012627303
0.0011685147
0.0014315471
0.0016772513
0.0015328483
0.0014645924
0.0015344204
0.0012546584
0.0012644075
0.0012895984
0.0014113137
0.0017574002
0.0013646276
0.0016618827
0.0019415813
0.0019368117
0.0014118225
0.0015585946
0.0016053207
0.0015359854
0.0012756474
0.0015152423
0.0013756296
0.0015875894
0.0014844226
0.0015273868
0.0014622554
0.0016166507
0.0015723043
0.0014612463
0.0016994849
0.0014828432
0.002000739
0.001572862
0.0014196201
0.0014520903
0.0019071865
0.0014378888
0.0012997834
0.0017145575
0.0013490526
0.0012505149
0.0013199295
0.0014337498
0.002201951
0.0029265427
0.003723201
0.003674694
0.0033094643
0.003226647
0.0031688968
0.0030179825
0.0044911
0.0039296416
0.0041927644
0.0061009093
0.0058114678
0.007137313
0.0060040797
0.0067463825
0.007729549
0.0064431555
0.0067839082
0.0064923125
0.006425609
0.005088023
0.0044824528
0.0041021397
0.005460005
0.0046729296
0.005359037
0.006006271
0.007848827
0.012374428
0.01241627
0.023721332
0.037459597
0.054592296
0.039756395
0.04996767
0.049814135
0.04700148
0.04759725
0.06420155
0.09355339
0.063798904
0.092059605
0.10486579
0.070971765
0.085264154
0.05492944
0.079906516
0.048086695
0.039308492
0.034747258
0.027851742
0.025657853
0.022723982
0.022408135
0.019678999
0.023132907
0.033451784
0.029877763
0.016955957
0.022479936
0.01708917
0.018953433
0.0081635155
0.014354838
0.012701834
0.00738267
0.010604896
0.009422812
0.007190251
0.0074021975
0.008647545
0.014110714
0.010418894
0.0120035615
0.014474887
0.017271228
0.019135669
0.017426435
0.024467371
0.019862553
0.030933434
0.024589838
0.028182369
0.03526919
0.026083617
0.02142757
0.018149653
0.01739004
0.016035384
0.016862668
0.014989917
0.0127527565
0.010905166
0.011625786
0.009785437
0.009456595
0.010726022
0.011995296
0.010671524
0.008778412
0.008573013
0.008340021
0.012447631
0.013174076
0.014782379
0.014756638
0.013940429
0.013408572
