0.014344688
0.03172785
0.03164909
0.02156166
0.036910523
0.038548764
0.035342596
0.035639904
0.032687485
0.029385775
0.033452574
0.02289222
0.025792662
0.032727327
0.040585853
0.05312167
0.09276177
0.0857634
0.079044506
0.09830928
0.13899583
0.10760555
0.120380126
0.15437098
0.14762573
0.108640514
0.11050944
0.087062106
0.07166608
0.05296877
0.06348829
0.048583586
0.029391732
0.030963955
0.06166907
0.020352852
0.015368912
0.008885954
0.020312626
0.0076938556
0.0036530246
0.0066486066
0.008405296
0.003913693
0.0045864736
0.005607249
0.0055579757
0.003511273
0.004628857
0.007623493
0.004705953
0.00437987
0.0051252726
0.003555564
0.005258233
0.0046699964
0.006104791
0.0073315674
0.010040911
0.011307494
0.012347091
0.039259348
0.0691511
0.06888273
0.10347365
0.090634085
0.12720266
0.13190801
0.118132554
0.16021465
0.1703723
0.120806634
0.1857613
0.13874695
0.21129213
0.109785624
0.23394857
0.13072738
0.13516577
0.15164357
0.17550541
0.15560006
0.12714095
0.1923292
0.29571763
0.16326381
0.20170547
0.21494661
0.22900303
0.12769859
0.17861202
0.17554584
0.1890451
0.19840272
0.53287405
0.25905702
0.25636345
0.09361467
0.24223772
0.11954832
0.1839944
0.21459574
0.36799046
0.27289274
0.36196592
0.27026877
0.3916177
0.24526915
0.15114906
0.13911529
0.13725175
0.15010403
0.14330043
0.10332817
0.076544315
0.11922473
0.13127743
0.098353
0.07484578
0.07264474
0.067478836
0.09305845
0.08040943
0.090147465
0.05398341
0.12687941
0.12269091
0.12436951
0.08472171
0.62635237
0.37271318
0.19988036
0.2924121
0.21640114
0.11772972
0.08904376
0.09760552
0.07732282
0.06507888
0.04289539
0.053925302
0.055500392
0.097715184
0.06814087
0.14755866
0.08551279
0.14225824
0.0702711
0.19028124
0.13437702
0.27219385
0.12576742
0.08716646
0.095757976
0.13325657
0.10878633
0.08892442
0.14247791
0.13760035
0.16389467
0.23135969
0.13868685
0.15756762
0.19554614
0.054368544
0.124151945
0.12227878
0.10639664
0.05540271
0.13207112
0.10137589
0.20641226
0.044296533
0.16223405
0.13838744
0.057487
0.090935096
0.123526886
0.08357094
0.07258206
0.045152664
0.0523899
0.12694539
0.15472102
0.11796298
0.11193995
0.13742375
0.4022079
0.19745128
0.25388145
0.28804642
0.39979684
0.116275646
0.088201284
0.13771766
0.107928514
0.04234228
0.06871451
0.07805428
0.036827672
0.02081164
0.035329856
0.026535168
0.014892786
0.016503004
0.028833775
0.014070234
0.011828416
0.014061134
0.007924483
0.005400163
0.0051782755
0.0045524277
0.0038740786
0.003493096
0.0028824087
0.002545443
0.0021667557
0.0022222288
0.0025269277
0.0020610688
0.0021923147
0.002762799
0.0025486373
0.0027202815
0.004441809
0.0033406646
0.0029879794
0.0047861394
0.006012401
0.0028123148
0.002096322
0.0019909514
0.0022170278
0.0014081374
0.0014593744
0.0015319635
0.0012891336
0.0011999067
0.0013313497
0.0011686216
0.001061077
0.0010827937
0.0011420198
0.00093444734
0.0011508644
0.0011898511
0.0013083153
0.0016346697
0.001882271
0.002270056
0.0029145358
0.0027517315
0.004043055
0.003732272
0.0055096294
0.0061719716
0.007296403
0.0069234683
0.0064710053
0.00481567
0.0064071016
0.0046359105
0.0044106934
0.0054828017
0.0068089953
0.006054241
0.005109873
0.0057827183
0.007358919
0.0058662114
0.005155904
0.0046551586
0.005523908
0.0048202425
0.0053260634
0.0058020423
0.005906408
0.004431095
0.0049756905
0.008353503
0.01651396
0.01165863
0.009354551
0.020943992
0.012152235
0.013901875
0.029240558
0.06120191
0.099542424
0.04871686
0.07840755
0.12574282
0.06415758
0.07050761
0.11132557
0.10531176
0.07416285
0.095837645
0.11617128
0.08183954
0.074246645
0.0510982
0.07647872
0.045051195
0.041044403
0.04349006
0.032072466
0.02750947
0.0206912
0.02138926
0.019338077
0.017196272
0.020989772
0.019213716
0.012549139
0.015263378
0.01484573
0.01443023
0.0071543125
0.008542735
0.0052533317
0.0049573854
0.005718056
0.005775828
0.0044982303
0.0045758667
0.005072417
0.006355932
0.005351077
0.0073098885
0.007306796
0.006174204
0.0051069264
0.0043369303
0.0043441225
0.0028864997
0.0035818187
0.00265869
0.00210691
0.0020089974
0.0016744949
0.0013410884
0.0013921539
0.0014149445
0.0015306614
0.0011477218
0.001293344
0.001231817
0.0014764463
0.0014242756
0.0015658732
0.0013949382
0.0014827182
0.0012766011
0.0012470186
0.0014321798
0.001798601
0.0020046474
0.0023632937
0.0024041485
0.0032452785
0.0032480888
0.004839403
0.00613485
0.005969953
0.005799155
0.00484472
0.0063264696
0.008031634
0.006557921
0.01606941
0.0150649715
0.011336606
0.011378421
0.017300727
0.018812109
0.02083906
0.023159062
0.038432766
0.024291407
0.025556982
0.029085828
0.059637636
0.047085535
0.037095834
0.03191606
0.03553209
0.023622314
0.034321435
0.034826156
0.08079874
0.048644543
0.05357437
0.06419147
0.043220792
0.03904858
0.03570885
0.03820642
