0.007423013
0.020258505
0.019484596
0.014683448
0.012464612
0.015640572
0.012756791
0.01142327
0.01225841
0.014484576
0.01788284
0.011145102
0.011707963
0.010765402
0.009892841
0.01598929
0.021540022
0.015759453
0.019492578
0.017778182
0.011897688
0.012904216
0.023389133
0.022863833
0.020727608
0.024716785
0.018066853
0.025532212
0.025401065
0.035334762
0.03695756
0.02591114
0.027803548
0.026103174
0.02417562
0.03182168
0.038152125
0.037793256
0.034485016
0.049885202
0.041938324
0.038659245
0.031695437
0.046982497
0.035481907
0.04110242
0.043100536
0.03788928
0.03144068
0.03282183
0.013500404
0.013930883
0.012518798
0.010595794
0.008938048
0.006536657
0.0061123963
0.006907887
0.0035867796
0.005015833
0.002913192
0.006103061
0.0038137115
0.002837876
0.003094781
0.0034351428
0.003795139
0.0038319575
0.00377001
0.005254528
0.004737437
0.0062393937
0.009980894
0.0106636835
0.010936693
0.010760116
0.008228164
0.0121600395
0.008756548
0.01267771
0.016210329
0.014842793
0.020002335
0.024952756
0.07379058
0.08537369
0.09131791
0.13532999
0.10222166
0.13458788
0.15266879
0.13217327
0.16203755
0.18772441
0.1348049
0.17865464
0.13209598
0.20779952
0.10556623
0.2182838
0.11289235
0.10793181
0.14343953
0.16212629
0.14354998
0.10799031
0.18519823
0.27945957
0.13301025
0.19754474
0.22093987
0.18920924
0.06495965
0.19010946
0.14005642
0.21074863
0.2868492
0.8149238
0.58678585
0.7075337
0.607846
0.76636887
0.52487713
0.39197132
0.80915505
0.6810354
0.38746664
0.15393879
0.6546965
0.5561752
0.27846104
0.1112282
0.1286065
0.06996564
0.07665543
0.04840165
0.05623703
0.025883988
0.08268014
0.062175374
0.08840009
0.04997414
0.595474
0.26609328
0.13304125
0.2664836
0.20249824
0.100171365
0.07689897
0.09482548
0.08232229
0.06379942
0.043052375
0.050736494
0.070126936
0.09569532
0.05689373
0.12079462
0.066436805
0.07082289
0.03870739
0.088821374
0.06719568
0.063710645
0.07931347
0.101042315
0.10413132
0.18788445
0.33432272
0.3643468
0.1511173
0.27076846
0.3346164
0.18906127
0.15274985
0.15148391
0.25231922
0.086138934
0.17595768
0.15268534
0.10333864
0.06987941
0.19248743
0.16115691
0.22719194
0.17657486
0.28623575
0.14367826
0.15180272
0.21674879
0.2122099
0.115518145
0.16104282
0.07379764
0.06736426
0.1165816
0.15452836
0.1438716
0.10342056
0.11683219
0.1993029
0.07558932
0.105338566
0.12894651
0.13340203
0.06913296
0.050907705
0.07107542
0.06460178
0.033050302
0.051515047
0.044908933
0.037731037
0.0187271
0.023847891
0.023477325
0.01521787
0.011522956
0.010076337
0.009092166
0.0048636263
0.0045566284
0.0034533676
0.0023827166
0.0020086544
0.001592111
0.0015830504
0.0011825395
0.0009891669
0.0011084239
0.0011306459
0.0011743484
0.0011485689
0.0013351502
0.0015294317
0.0014578479
0.0018133448
0.0018918441
0.0020770174
0.0033405358
0.0028807248
0.0027013419
0.0036587792
0.004748696
0.0036904172
0.0023931263
0.0022751854
0.0026732336
0.0017044052
0.0017478907
0.0015020166
0.0012581366
0.0011369485
0.001114666
0.0009970303
0.0010059774
0.00097218866
0.00088114
0.0007698713
0.00083134085
0.0008625839
0.0008669189
0.00096823694
0.0009772843
0.00123866
0.0012901906
0.0014933185
0.0020985364
0.0025557908
0.0032424666
0.0031863174
0.003594395
0.0041961605
0.0035382425
0.0030540498
0.004740806
0.005069535
0.004242288
0.0055779098
0.0065401937
0.006260462
0.004955638
0.006328268
0.00890339
0.0067295674
0.0056405817
0.0051859426
0.0073513123
0.0053487783
0.006015519
0.005933285
0.0072516506
0.0052484097
0.004333405
0.007819372
0.009640137
0.0066340794
0.006877189
0.01363418
0.010283923
0.008804345
0.020740785
0.043106806
0.07308619
0.035245687
0.06831175
0.10796065
0.056329753
0.06563176
0.09035118
0.088126
0.06288266
0.08762672
0.10249453
0.070010856
0.06310406
0.048713833
0.06592108
0.04173746
0.039580867
0.041933667
0.029228948
0.027621657
0.023260932
0.026305307
0.022948442
0.023401236
0.030088855
0.031479776
0.017287703
0.019249268
0.02142406
0.021399314
0.009761417
0.011592454
0.0089727035
0.0050591985
0.0057879654
0.007675897
0.0053050644
0.0056372797
0.0074149226
0.010323499
0.00717191
0.009280693
0.010794181
0.011036182
0.007387361
0.007141825
0.008312437
0.0049414327
0.0075396053
0.006891645
0.006725311
0.0053244447
0.005319535
0.0042305067
0.0035299873
0.0036896493
0.0050317952
0.0028282204
0.002921571
0.0045776693
0.003534927
0.0033949793
0.004988337
0.0050210617
0.004338714
0.0048045306
0.0055737584
0.0035907729
0.0033145202
0.005663194
0.006445586
0.0058038966
0.005514386
0.006444285
0.0053954343
0.0048426744
0.004536674
0.003787807
0.0029189636
0.003888619
0.003915709
0.0035742791
0.0054455237
0.007156227
0.00599496
0.005851647
0.008497833
0.009665486
0.0079573225
0.009789971
0.012574809
0.015330053
0.009349378
0.013782862
0.013342255
0.013599992
0.012424891
0.00997582
0.014660292
0.0147163635
0.015522501
0.034192376
0.022214722
0.02774261
0.027612846
0.02965492
0.03345794
0.022675322
0.030038757
0.031135747
0.026802769
0.027175043
0.0211451
0.02041743
0.020282965
0.023126388
0.021934142
0.021228034
0.026525907
0.02439384
0.024797514
