0.013822521
0.029941753
0.026237363
0.02342556
0.02935531
0.037274234
0.030891653
0.030498922
0.03557905
0.026875442
0.02548275
0.01988571
0.019869043
0.031457193
0.03134905
0.040466722
0.063549295
0.056328233
0.059131704
0.06358755
0.089742236
0.06273081
0.07097375
0.06501244
0.062051438
0.050960694
0.052926056
0.039239567
0.03618467
0.019542217
0.018421205
0.016341785
0.010820683
0.009293399
0.008999371
0.007330488
0.008137103
0.0059186276
0.008108056
0.0075237155
0.0044748075
0.003895213
0.0049038697
0.00623624
0.004775195
0.00393769
0.003661939
0.0036529624
0.0032336572
0.0024182908
0.0026794078
0.0023398886
0.0018893211
0.0020229253
0.0019525385
0.0016784702
0.00179812
0.0018890756
0.0017067321
0.0015243836
0.0013381668
0.0015317979
0.0017313574
0.0014961361
0.0017909707
0.0019591053
0.0025606249
0.0026277858
0.002966595
0.0043313703
0.0042717964
0.004465386
0.0067552775
0.007423013
0.006153695
0.0067181126
0.007984587
0.009616716
0.008548149
0.010573328
0.011152776
0.01199498
0.011528916
0.012880816
0.03675859
0.06509913
0.10471186
0.10839468
0.08463683
0.10361816
0.122538954
0.1006809
0.1933222
0.20480332
0.1255926
0.17549603
0.16740072
0.2256005
0.12118335
0.24872167
0.21687314
0.15684372
0.14610893
0.1582399
0.18928038
0.12061093
0.14154375
0.15743008
0.15732628
0.17221363
0.13838153
0.13355188
0.084444284
0.20467152
0.16246916
0.22467542
0.36135405
0.8537926
0.56488496
0.72756606
0.6022468
0.7659266
0.45369902
0.43892032
0.82030475
0.66815066
0.35399458
0.16592482
0.6326033
0.5369385
0.34536165
0.14596787
0.20051436
0.115293875
0.13656299
0.1252627
0.10440922
0.05904737
0.19008666
0.16341625
0.14033395
0.101935565
0.6549137
0.28388345
0.1527702
0.27849916
0.18202084
0.09213188
0.05259039
0.0647962
0.06580969
0.06373468
0.037519477
0.048359938
0.0793175
0.12045441
0.05884798
0.14473355
0.08719987
0.12371022
0.037976287
0.18945448
0.13600853
0.110198274
0.1551249
0.10275843
0.10855586
0.19702755
0.21994327
0.148616
0.16324945
0.22936825
0.19814393
0.24438411
0.2799588
0.33329174
0.25555485
0.09268854
0.32171458
0.26935083
0.15471295
0.1327551
0.56316
0.2091996
0.2460861
0.10440952
0.3428904
0.16882849
0.08857443
0.1394273
0.16354688
0.12738383
0.10469703
0.07337314
0.0760665
0.092864774
0.14214072
0.1373247
0.121491514
0.15371256
0.34282336
0.15641065
0.18790144
0.26721078
0.3197306
0.1030659
0.06388624
0.1230045
0.075670265
0.03232446
0.05450023
0.057016943
0.024704512
0.01772905
0.02818053
0.019092264
0.008246905
0.009410878
0.015089535
0.004765248
0.0040645283
0.0057918387
0.0023163976
0.0017889292
0.0016411649
0.0015674506
0.0011923937
0.0009216031
0.0010405197
0.0010562068
0.0010187926
0.0011316615
0.0012741042
0.001314277
0.0013635436
0.0015740591
0.0015018363
0.0019727394
0.0024420135
0.00187001
0.0017489659
0.0017478009
0.0021380587
0.0017158671
0.001128724
0.0010287204
0.0010279121
0.0009704211
0.00094263256
0.0009075138
0.0009266099
0.0009369981
0.00091466075
0.000875826
0.00088210567
0.0008282188
0.0007261691
0.000878753
0.00070507353
0.00082852505
0.00090870005
0.0009817479
0.0010923009
0.0009790359
0.0011254053
0.0013309555
0.0013055427
0.0017662806
0.0023343563
0.0027529383
0.003570609
0.0036773577
0.0036405171
0.0040963367
0.0031575945
0.0052182865
0.004764416
0.004671213
0.008657726
0.007178278
0.008521961
0.007564007
0.008480234
0.01261132
0.008968172
0.010164749
0.010743287
0.01344436
0.0066414527
0.0040932237
0.0049115005
0.005859558
0.004983525
0.006281101
0.006529053
0.007139976
0.006369963
0.012144378
0.019452581
0.03142562
0.01956627
0.024249692
0.031138178
0.031695288
0.03386718
0.048628792
0.038536515
0.0353465
0.041345295
0.05930729
0.029900204
0.039146263
0.028911391
0.043609787
0.022407634
0.023848768
0.028448578
0.015866768
0.017601017
0.015867498
0.01734473
0.01374914
0.017858405
0.02684605
0.030964324
0.016811818
0.019251285
0.016953064
0.017364677
0.010580488
0.008904332
0.00805808
0.0057904413
0.004646329
0.0035339629
0.0034125065
0.003989689
0.004635545
0.00310773
0.0041016545
0.0032417686
0.0038164498
0.005860569
0.0061773676
0.0061245575
0.006372257
0.007820331
0.00857766
0.008209161
0.010096657
0.011314576
0.00837261
0.007711923
0.0068458393
0.006015
0.0039466834
0.005433216
0.0038895833
0.0025580807
0.0023196803
0.0017455027
0.0015417272
0.0013663424
0.0014229423
0.0015984185
0.0013291991
0.0013550216
0.0013961378
0.0014835091
0.0014289158
0.001489711
0.0012469373
0.0011512256
0.0010526387
0.0010850623
0.0011679762
0.0013600218
0.0018591577
0.0025161004
0.0024452845
0.0038215038
0.0037362454
0.0063050487
0.0070502697
0.007978769
0.009449818
0.008988261
0.015381416
0.016463704
0.025414513
0.041742057
0.023363866
0.033170454
0.03232015
0.044045687
0.038247745
0.050816912
0.047694683
0.05401136
0.040793963
0.04950886
0.041773558
0.054659303
0.05111043
0.044209126
0.035730723
0.03977728
0.030638222
0.046548735
0.046643786
0.11016423
0.06473
0.0674439
0.08728529
0.0576447
0.04845052
0.04156509
0.04333908
