0.0053105676
0.009890254
0.010827572
0.01062408
0.016548814
0.012840657
0.016202135
0.017780831
0.015584592
0.013379353
0.016920535
0.015595041
0.018973216
0.020631684
0.015962956
0.013676137
0.013414219
0.0077460273
0.010273614
0.008867034
0.012042355
0.009382183
0.009724324
0.009099885
0.0075611044
0.011300401
0.010182933
0.004527643
0.006777717
0.004231531
0.0036412193
0.0030829932
0.0032977702
0.0035662923
0.0039602383
0.0029552334
0.0030925868
0.0034477222
0.0039694374
0.0045535974
0.004294194
0.0057647764
0.005114219
0.0034669882
0.0043318267
0.0039876164
0.004881582
0.006145098
0.011577772
0.015723532
0.013879538
0.0503991
0.0916376
0.093149275
0.12188251
0.101811096
0.14042081
0.15820906
0.12870143
0.17716813
0.1862803
0.12575501
0.15751018
0.13222454
0.19618617
0.11011442
0.21942621
0.119011454
0.13001427
0.16008887
0.16247909
0.17822292
0.12933807
0.24481988
0.3540586
0.21409263
0.2717151
0.26298907
0.23260234
0.11115132
0.236478
0.18259406
0.2636015
0.37405655
0.79808927
0.37110656
0.649147
0.5757103
0.71512985
0.38894486
0.47968784
0.79374534
0.66081643
0.4642411
0.25006872
0.6391637
0.51545787
0.31668556
0.124865346
0.12770464
0.08154711
0.08347608
0.054665722
0.071760245
0.033382814
0.111324675
0.09136805
0.11040641
0.079636574
0.62617403
0.309079
0.16191469
0.28567785
0.21928646
0.11996406
0.087217845
0.10500063
0.09036797
0.065252095
0.044683374
0.05602896
0.07228285
0.10147196
0.054606415
0.11932048
0.065610655
0.065275125
0.034227967
0.08111932
0.0612344
0.056705482
0.09495533
0.085378565
0.105463624
0.22669595
0.40901652
0.443328
0.2575956
0.4813215
0.44708177
0.35723984
0.35928863
0.31971723
0.35813552
0.10519642
0.29830208
0.33468452
0.16619772
0.09973582
0.57242846
0.3091424
0.3311281
0.09724178
0.5205056
0.2794716
0.09336476
0.12598896
0.20114936
0.10546435
0.076906875
0.04981133
0.066580154
0.12423763
0.15145105
0.12162513
0.11666658
0.1399485
0.31404227
0.2013071
0.28559834
0.29478106
0.32492262
0.09888755
0.07772721
0.11439022
0.1126487
0.04192426
0.07702446
0.071184315
0.03284512
0.019002307
0.031915147
0.027227443
0.010644584
0.010531635
0.013663717
0.004441853
0.0035163702
0.0038696155
0.002191934
0.0015635549
0.0015773749
0.0013999735
0.0011596517
0.0010632423
0.0010942938
0.0011076417
0.0011429002
0.0011456492
0.0013879383
0.0014261479
0.0016497697
0.0020061007
0.0023961256
0.0027744488
0.004985845
0.0031519695
0.0036321005
0.004638415
0.0064538936
0.004752849
0.0035828687
0.0033316778
0.004622806
0.0023141836
0.0030748523
0.0028409192
0.002041412
0.0020389422
0.0019997025
0.0017499567
0.0014048142
0.0013712608
0.001399389
0.0010453939
0.0011402598
0.0011883554
0.0010927541
0.0012546906
0.001329786
0.001717436
0.0018914983
0.0018876098
0.0029694652
0.0028109015
0.0036865182
0.0040803505
0.004650327
0.0058573973
0.005216376
0.004181821
0.006221752
0.0062506055
0.0047450373
0.0065062824
0.0071574873
0.0074376003
0.005932846
0.0057703024
0.010087786
0.005807414
0.0061521176
0.0053047044
0.008247409
0.0076400074
0.0063618943
0.00854005
0.0069276267
0.005113205
0.0051795873
0.005683659
0.009417744
0.0068900487
0.010280797
0.016330259
0.012972993
0.014321635
0.025585404
0.0465089
0.07389485
0.052286852
0.078343734
0.114601575
0.07634831
0.08057604
0.13516839
0.11505974
0.08080188
0.116981454
0.14481328
0.09113235
0.093525805
0.069950245
0.09594658
0.0508361
0.048294764
0.04806577
0.040905967
0.040564187
0.039803352
0.04136575
0.038738575
0.040679835
0.047154177
0.04885166
0.030108927
0.034096893
0.03191098
0.03278634
0.022141334
0.025102528
0.016259748
0.0143644605
0.013725611
0.010876376
0.009134701
0.010125225
0.008855416
0.009568338
0.008057127
0.008313754
0.007933861
0.0069877994
0.006622372
0.0053993096
0.0059343143
0.0038297595
0.0047178185
0.0028368346
0.0032610341
0.0028337028
0.001854404
0.0015966555
0.0016827432
0.0016074873
0.0017654661
0.0013373303
0.0015879802
0.0014008171
0.0020650495
0.0021137705
0.0020937307
0.001663796
0.0018405145
0.0016841454
0.00152968
0.0014037349
0.0018852161
0.0020437236
0.0026328731
0.002666536
0.003863931
0.004427451
0.0059439396
0.006934489
0.007832587
0.0072798533
0.0063846596
0.0082988115
0.010321088
0.009074972
0.0202112
0.019678181
0.021543058
0.020724308
0.028370922
0.028838102
0.04420262
0.032409377
0.039828744
0.029011454
0.029050367
0.023085156
0.036261942
0.03597249
0.033744406
0.02998376
0.03133181
0.024862519
0.036665708
0.033988558
0.08245495
0.053801414
0.058948126
0.07465819
0.048603073
0.04879785
0.04261682
0.044913743
