0.006029866
0.008773936
0.006327345
0.0037628694
0.0052042627
0.0034460137
0.004368432
0.0041465093
0.005286908
0.0054223128
0.0072216108
0.0065800333
0.009270702
0.0149116935
0.016638579
0.021149235
0.033290572
0.03496793
0.035325482
0.038592935
0.04734294
0.039345134
0.04587961
0.058457024
0.0535574
0.044330984
0.053946126
0.04228468
0.039158788
0.032129284
0.02645978
0.028093128
0.018025761
0.01949926
0.016301606
0.014927189
0.021772323
0.013193096
0.017875807
0.021085499
0.011885955
0.013663704
0.0111579895
0.011196567
0.0077651422
0.006526697
0.006206711
0.005989845
0.0052608773
0.0042113527
0.0034246417
0.0030862424
0.0026043952
0.0021882942
0.0022389542
0.0019755918
0.0020565484
0.0022713807
0.0018674255
0.0017587268
0.0013282659
0.0015346236
0.0015820347
0.001258634
0.001378066
0.0014465778
0.0014462349
0.0015683158
0.0015701147
0.0018147558
0.0015458071
0.0012879892
0.0017668842
0.00148311
0.0011232424
0.0011422249
0.0013543855
0.0010915316
0.001081092
0.0013303041
0.0011383747
0.001429088
0.0014382517
0.0020403313
0.0022126082
0.0043102037
0.015690072
0.02522931
0.0193892
0.019003408
0.03534681
0.047331244
0.049900528
0.13792251
0.17234488
0.0959415
0.1366013
0.20422761
0.22783001
0.11117324
0.29171342
0.23050946
0.16092764
0.14756227
0.18204874
0.24190013
0.12969258
0.1511497
0.13728501
0.18785517
0.16762996
0.12204759
0.114508376
0.090619184
0.16621748
0.1072695
0.16380176
0.3002354
0.7965412
0.3620398
0.65376645
0.5835666
0.68329793
0.39357057
0.3281094
0.8081732
0.6521206
0.36258656
0.16576791
0.6679722
0.5300628
0.32510185
0.16961007
0.19943294
0.13727717
0.12015014
0.09650105
0.09029877
0.043525916
0.13417676
0.13423406
0.13898088
0.07361222
0.56502104
0.36425942
0.13167489
0.24135603
0.15630214
0.08336612
0.049975093
0.062063
0.058862347
0.0605346
0.036405828
0.04653801
0.0706897
0.10954656
0.05884479
0.14348789
0.082467295
0.12267238
0.04419607
0.18880598
0.12723331
0.11180222
0.14150073
0.10114241
0.08274481
0.14878653
0.15327276
0.10118412
0.10534007
0.10752809
0.1218201
0.07294224
0.12981436
0.15200348
0.14360946
0.058664568
0.23058996
0.20513138
0.12084289
0.09229231
0.46840328
0.10536806
0.2533889
0.06304225
0.29117697
0.08459243
0.04198013
0.03608225
0.10692773
0.056269556
0.060237646
0.05752896
0.09048665
0.113412105
0.12166538
0.14323159
0.12590098
0.12642494
0.21133715
0.092597954
0.12193267
0.15330552
0.10965744
0.090808176
0.06893364
0.10484283
0.06930956
0.03966635
0.045339473
0.047319695
0.0437623
0.019800127
0.025182586
0.027845172
0.0139943985
0.010813781
0.009118371
0.009793226
0.0048068846
0.005692243
0.00572903
0.002968768
0.0028123774
0.0020016122
0.0016468773
0.0012869383
0.0010684493
0.001103935
0.0010622208
0.0011136455
0.0010800451
0.0012907536
0.0012052286
0.0011673266
0.0014344504
0.0012242122
0.0014287797
0.0015792068
0.0014509505
0.001546187
0.0013489126
0.0015300915
0.0012023104
0.0010898572
0.0010054671
0.0009809252
0.0009340383
0.00089903816
0.00087299116
0.00088235526
0.0008582069
0.00089402724
0.0008849241
0.0009625486
0.0008224765
0.0008032336
0.00089334085
0.0008715537
0.0010084982
0.0010760695
0.0011860501
0.0016080682
0.001543603
0.001832314
0.002387917
0.0033594333
0.0032899994
0.004437429
0.0037318196
0.005749884
0.004501975
0.0038474621
0.0032845438
0.0029423272
0.0038960623
0.0038551972
0.004515203
0.006217579
0.006992622
0.007473412
0.00657214
0.007071913
0.007627131
0.0058125425
0.0056888005
0.004237869
0.0041690567
0.003829883
0.003723295
0.0038849823
0.005334773
0.004781227
0.0050177583
0.0057097664
0.008459958
0.00817948
0.009263501
0.011804813
0.018657843
0.021174343
0.029059716
0.049617752
0.055145122
0.04591964
0.047258966
0.055416375
0.0487542
0.052422814
0.06624424
0.0764676
0.057129726
0.08653839
0.10439094
0.07733937
0.08659513
0.061973616
0.088231504
0.050217114
0.04853168
0.051756397
0.03355451
0.034480445
0.03044657
0.03358028
0.033544414
0.03604671
0.048314884
0.070389606
0.031053402
0.038651396
0.031306103
0.04038646
0.029793417
0.031232683
0.02943137
0.031766932
0.017276982
0.01704478
0.0075898482
0.011054308
0.009299033
0.008915091
0.009789232
0.0060844882
0.007154123
0.0071471897
0.008017719
0.009065899
0.0072048097
0.009840792
0.011129011
0.009745657
0.010027085
0.00981597
0.013952745
0.0066340887
0.007278899
0.0053205136
0.0045498423
0.0037562272
0.0030560454
0.0023013372
0.001830088
0.0017485888
0.0016704442
0.0012688714
0.0015507237
0.0015055743
0.0018333714
0.0014603545
0.0016239672
0.0015205352
0.0014116452
0.0012721586
0.0011864626
0.0013104622
0.001469
0.0014612769
0.001978367
0.0020558166
0.0029675344
0.0024451574
0.0041573117
0.004944421
0.0048039565
0.005319941
0.005572871
0.008062315
0.008601259
0.0110206995
0.015394304
0.0128781665
0.014399569
0.017571615
0.0231653
0.02013336
0.018841803
0.023083843
0.027980585
0.025346704
0.03444029
0.034996487
0.03395341
0.032934334
0.027625013
0.02131835
0.021497723
0.019787239
0.020116942
