0.016110528
0.033765182
0.036718108
0.022581937
0.038671743
0.04250554
0.0417544
0.03876067
0.04717513
0.050851148
0.053250715
0.02866358
0.04312902
0.04536912
0.047640737
0.06013299
0.09988179
0.088090286
0.09026425
0.056239765
0.09508758
0.05621557
0.06163178
0.09047551
0.051244233
0.04349831
0.034117095
0.018295795
0.02203736
0.013865356
0.018326867
0.014908885
0.008146776
0.010150045
0.008753681
0.0045449487
0.006059271
0.0029970817
0.0050030965
0.0034128812
0.002723867
0.0030617572
0.003693281
0.0036622954
0.004579521
0.0048844926
0.0067026983
0.0059371563
0.007636766
0.010454209
0.01027373
0.0101406835
0.0110420445
0.007890446
0.011229218
0.008918887
0.012633025
0.015670678
0.014130317
0.018748544
0.018151794
0.060049683
0.07852437
0.08065315
0.12353528
0.10259602
0.13716012
0.15169366
0.13415301
0.16693792
0.19671609
0.14123558
0.19497405
0.14339179
0.22553965
0.11985027
0.24226059
0.13092808
0.12452637
0.15882947
0.18206336
0.17236163
0.12404333
0.21172479
0.32153392
0.1671228
0.23647141
0.26351297
0.230893
0.09799774
0.23533982
0.19915795
0.2527279
0.33253205
0.82016385
0.5682457
0.70108545
0.5976391
0.7669194
0.5303045
0.40671682
0.8061011
0.67872566
0.40588322
0.1668977
0.6482791
0.5503841
0.29352963
0.11939825
0.13695468
0.07987673
0.085964985
0.056495115
0.061980598
0.027609851
0.09389474
0.07338092
0.096304685
0.057073142
0.5830626
0.26953658
0.1350129
0.26282114
0.19633418
0.10424276
0.07424595
0.09466839
0.07511689
0.05830472
0.04361084
0.053417217
0.06420734
0.104761645
0.069878034
0.15366939
0.089826725
0.14612007
0.05927988
0.22091813
0.1225463
0.29464558
0.14453286
0.1407127
0.12934044
0.17473719
0.18659629
0.12581626
0.16118419
0.17893475
0.2218159
0.21079218
0.21659486
0.24878529
0.22538978
0.09528298
0.2014125
0.16113758
0.11482249
0.08383079
0.18319896
0.12643233
0.17320858
0.103173904
0.20933238
0.10468424
0.11472155
0.18157792
0.16142046
0.09659456
0.14447848
0.075771116
0.07327568
0.10776277
0.17727883
0.15131998
0.09801109
0.107042946
0.3524516
0.1450823
0.11860669
0.18571052
0.2510434
0.072545394
0.05419653
0.093847
0.08581827
0.030479401
0.053092178
0.07366483
0.03046682
0.017009985
0.030920515
0.023407666
0.010804364
0.0112675335
0.022127872
0.0064848773
0.0046762507
0.00596201
0.0030484332
0.0019724842
0.0017378762
0.0015748776
0.0012646689
0.0010330643
0.0012258698
0.001294294
0.0012044252
0.0013117152
0.0016540918
0.0016392104
0.0016789448
0.0020030397
0.0020138514
0.0020989908
0.0038203818
0.003051539
0.0028343378
0.004177201
0.007105936
0.004392541
0.002786075
0.002562322
0.0029801342
0.0017225812
0.0017450284
0.0015303341
0.0013728327
0.0012340859
0.0012972634
0.0010034933
0.0009750382
0.00092793035
0.0008138062
0.00073815277
0.00093294395
0.0009479387
0.0009758338
0.0011548025
0.0011922444
0.0014448741
0.0016822618
0.00203934
0.0029863152
0.0030195825
0.003926828
0.004034612
0.004519584
0.005089054
0.004519846
0.0038892084
0.005816192
0.005898155
0.004981367
0.0066840914
0.0071576834
0.006804869
0.0055771694
0.0070350105
0.009516672
0.0076347277
0.0065482175
0.0057898727
0.008057638
0.005909408
0.0063802777
0.006075944
0.007103081
0.005918016
0.0045050257
0.008268039
0.010887986
0.0074524777
0.007428802
0.016406925
0.013297053
0.010751126
0.027127545
0.05834385
0.097256094
0.047894984
0.091968805
0.1340536
0.06997572
0.08553494
0.11432758
0.11075172
0.08139595
0.10964878
0.13106185
0.08415785
0.075312704
0.056239203
0.07777398
0.04425652
0.042016234
0.044489976
0.03179977
0.030497726
0.024342721
0.027474156
0.023755565
0.023114573
0.029993957
0.029889196
0.01665066
0.018112361
0.020716172
0.020883534
0.00917738
0.01115872
0.008432751
0.0056256806
0.0065777088
0.0076680374
0.0062936647
0.0058192727
0.007401988
0.009881139
0.008625679
0.010113141
0.011741281
0.009815075
0.0075740255
0.0067905844
0.0073030028
0.0039671096
0.004934072
0.0037832
0.0027573481
0.0022101684
0.0016881957
0.0014201738
0.0013977122
0.0013404372
0.0014610369
0.0011016069
0.0013333865
0.0012746206
0.0016655893
0.0015220114
0.0017441273
0.0015320064
0.0015791226
0.0014136321
0.0014583187
0.0014636298
0.001727628
0.0018606643
0.0021246276
0.0020551416
0.0027127862
0.002851109
0.0041021826
0.004712072
0.0051950356
0.005502457
0.0046009994
0.006243058
0.008244491
0.007337521
0.016208619
0.016847
0.013992669
0.014781519
0.023898793
0.02729979
0.03043859
0.027303537
0.035659198
0.02679317
0.027923552
0.028184302
0.047096964
0.045936503
0.03951615
0.034068793
0.04118022
0.028371107
0.041723154
0.040119134
0.082891755
0.055558536
0.055346016
0.068624206
0.048510086
0.044250224
0.038934477
0.04117634
