0.006141159
0.011126183
0.009467537
0.008318229
0.013853997
0.015976558
0.019991355
0.021566931
0.025146699
0.017964274
0.017259382
0.016153714
0.02225294
0.025078932
0.022760822
0.034656566
0.052146062
0.039106756
0.045321476
0.045303594
0.067627616
0.042346224
0.041426793
0.046605907
0.05009898
0.05492689
0.040521752
0.033227373
0.03132126
0.018961947
0.012264851
0.011400053
0.0069603235
0.008902322
0.005384251
0.005254179
0.006654892
0.0046184547
0.0046858108
0.0030751112
0.0031261528
0.0021063054
0.0029346852
0.003979092
0.0037143042
0.004820796
0.0033820646
0.0041332142
0.0039269095
0.0034293807
0.003959825
0.0033413232
0.0031620297
0.0027099934
0.0031242664
0.0027875698
0.0027247663
0.005308825
0.003732371
0.0032676496
0.0028176042
0.0039966605
0.004665782
0.0024338947
0.0034568533
0.002736229
0.0027603274
0.0035124577
0.0025179356
0.003360936
0.002471847
0.0028479495
0.0027995715
0.0021716882
0.0028528408
0.0017094689
0.0019758672
0.0022267448
0.0024154568
0.0031047284
0.0038347216
0.005356242
0.007858094
0.008881096
0.028600665
0.04031901
0.041557
0.082813874
0.074226916
0.07267632
0.11424938
0.09388796
0.16751678
0.19061822
0.11479119
0.16796881
0.15859409
0.21214576
0.117367126
0.23801869
0.17140983
0.1386957
0.15878844
0.16038924
0.12839091
0.11379869
0.16142166
0.17712043
0.12470942
0.15309481
0.14357921
0.08722309
0.076372884
0.17464925
0.11631412
0.1510746
0.31771144
0.8338667
0.45352745
0.74730706
0.6161465
0.8111666
0.65943074
0.4889521
0.8200043
0.7005857
0.46770537
0.19897087
0.7149536
0.5133079
0.3040384
0.1387679
0.17476182
0.08991192
0.10863654
0.075453825
0.10502663
0.029046534
0.097712085
0.078106076
0.122917786
0.056804113
0.60807765
0.31379533
0.19267991
0.27192935
0.2005863
0.11007415
0.065899126
0.07348889
0.06520197
0.05264713
0.03684004
0.049340032
0.06499175
0.09988032
0.061018717
0.14995402
0.08351188
0.11988636
0.038943436
0.1850981
0.16751312
0.12499224
0.10545193
0.07399627
0.12123442
0.1466217
0.24318333
0.12700771
0.1802685
0.23859318
0.26266676
0.21803868
0.22357106
0.22282152
0.21403813
0.1019151
0.25714287
0.173928
0.1333571
0.12367548
0.26908392
0.12639093
0.16594419
0.114295006
0.122893415
0.08926064
0.06540204
0.08011315
0.15010966
0.12344042
0.13234514
0.08843668
0.10136024
0.11078614
0.130632
0.12579656
0.11405058
0.12501642
0.21121559
0.081817016
0.09529803
0.09588738
0.08080344
0.05333814
0.035844523
0.046322353
0.04222212
0.020336239
0.028347995
0.031264614
0.023878802
0.012693286
0.01733602
0.020881915
0.013127922
0.009399563
0.009142987
0.0074936775
0.004450589
0.0058360724
0.0051475456
0.0037348915
0.0033746937
0.0030835748
0.0029462564
0.002244809
0.0017619863
0.0020260601
0.0024159132
0.0021327324
0.0026600433
0.0029262516
0.0020876254
0.0026765664
0.0045990823
0.0030803445
0.0025736168
0.0034575332
0.004284134
0.0020413937
0.0014787186
0.0013548512
0.0014595733
0.0010964893
0.00097304076
0.0009611277
0.001010234
0.0009203149
0.0009904475
0.00092270924
0.00096431514
0.00075421087
0.00072724535
0.00072431413
0.00085392274
0.0011442652
0.0011128655
0.0012158725
0.0017308713
0.002066352
0.0014182708
0.001972427
0.0042434847
0.0035355114
0.004553543
0.0048844763
0.007309563
0.0072532226
0.0049879747
0.0074281967
0.0037881809
0.004859324
0.007922489
0.0056165843
0.006974989
0.0071590696
0.010354795
0.0067398227
0.0050398707
0.0086250715
0.0072720526
0.0074824537
0.0074581224
0.010861325
0.019255202
0.011243936
0.006278063
0.012244867
0.015052184
0.008005512
0.018525554
0.036267776
0.020081142
0.009473682
0.024716051
0.0126645025
0.011982345
0.029155716
0.056773722
0.07501577
0.03179654
0.04899308
0.08700429
0.043630492
0.05352775
0.08166969
0.08559284
0.0663962
0.0929558
0.12462773
0.08077763
0.07222587
0.053735938
0.08019538
0.04162845
0.033810623
0.040341064
0.029987684
0.0243897
0.022027334
0.025645781
0.021900523
0.023868512
0.032899104
0.049709707
0.01591958
0.020462101
0.019336548
0.025669586
0.0127265835
0.009825967
0.009710512
0.00746709
0.0052857096
0.004209571
0.0039648265
0.0037904885
0.0047247442
0.0057953955
0.0067990767
0.004853008
0.00414752
0.0046126517
0.0056149918
0.005888919
0.0045591816
0.005478573
0.0075294897
0.007326755
0.006795822
0.0072998335
0.0076619037
0.00501447
0.005833118
0.0041319993
0.0033554428
0.0031591605
0.0035145562
0.0021361094
0.0016198393
0.0014809592
0.0014657024
0.0012530581
0.0012190302
0.0013816686
0.0013544951
0.0012449358
0.0012795482
0.0011446216
0.0012336464
0.00109681
0.0011454495
0.0014259103
0.0018044526
0.0018016669
0.0030013225
0.0036718985
0.0048750173
0.00472056
0.006885815
0.007447759
0.006232219
0.0072396183
0.009768458
0.013449643
0.014077605
0.01837244
0.021380587
0.019622339
0.023148451
0.023344139
0.025555095
0.023438819
0.024144355
0.02068858
0.01848761
0.015733056
0.01786938
0.015212084
0.020197673
0.016843097
0.018181656
0.0141231185
0.019748764
0.0149085345
0.014991825
0.018741887
0.024648188
0.029841574
0.03022841
0.035724334
0.029169582
0.029475097
0.030380806
0.029045055
