0.009406359
0.013676929
0.013906754
0.011358966
0.02405653
0.018371178
0.023553563
0.030121949
0.028822308
0.020813962
0.014160559
0.015422481
0.013484776
0.009422923
0.01029257
0.011401091
0.012006315
0.0104675
0.010704746
0.012241206
0.009032018
0.0076296865
0.0076759504
0.007979317
0.008654612
0.0059289723
0.0062626726
0.01085942
0.008544904
0.009612299
0.016167179
0.013298855
0.011771446
0.0091195125
0.008896147
0.0077738836
0.0064261206
0.008140794
0.0073218117
0.00455641
0.009354193
0.008021865
0.0073722573
0.0060457853
0.0060078716
0.005904387
0.0041108546
0.007656257
0.010942518
0.008445371
0.012644848
0.016298274
0.022391982
0.02322619
0.027752167
0.039227057
0.023174062
0.023704076
0.020360174
0.014551229
0.012725452
0.012278086
0.010489587
0.009587816
0.009996681
0.008342585
0.007443841
0.0074341446
0.0068820855
0.00674375
0.0063322484
0.007298524
0.006999671
0.008175002
0.007429501
0.005769353
0.00539826
0.004364029
0.0037481226
0.003600849
0.0032101842
0.0022955604
0.0025277932
0.002487922
0.0014025003
0.0018050126
0.0019698143
0.0021161626
0.001772847
0.0018663647
0.002379955
0.0029383977
0.003184018
0.0034619558
0.0040739127
0.0039184215
0.0046518897
0.005581423
0.00595134
0.0057260315
0.007186796
0.008325139
0.0059354114
0.0057980996
0.006317046
0.0053507932
0.0046726014
0.0068999683
0.0069521354
0.007444739
0.0073798927
0.011374099
0.006095181
0.010074995
0.007660055
0.011583242
0.012531459
0.008088476
0.020394374
0.017673265
0.051120955
0.11907361
0.09904692
0.15954605
0.11208934
0.15403609
0.16251083
0.1722811
0.19630027
0.24362928
0.15323052
0.20030752
0.17555302
0.28707132
0.14118883
0.3818293
0.2116091
0.22272474
0.28574347
0.21822365
0.19314882
0.12653919
0.22150376
0.1591688
0.17532462
0.2317191
0.19514462
0.13898323
0.090372324
0.20600703
0.1286876
0.17740533
0.31912062
0.86916286
0.5076583
0.726768
0.61259204
0.7659279
0.60787255
0.5134829
0.839987
0.6884353
0.4820631
0.23568007
0.7400864
0.5442469
0.31566754
0.11177135
0.13169272
0.08175854
0.09935149
0.060115483
0.07738856
0.035704352
0.109840766
0.11508266
0.081361204
0.059931614
0.62370485
0.25080416
0.092878714
0.22191986
0.17103219
0.075673096
0.048317365
0.066873536
0.05235717
0.046235263
0.032402154
0.04129947
0.048421968
0.09418139
0.05697435
0.13664556
0.07625913
0.13007574
0.04739796
0.15520632
0.124084346
0.15465035
0.09375046
0.086737014
0.07792525
0.119497254
0.10158348
0.0709179
0.10490416
0.105172575
0.11644612
0.078154325
0.12714002
0.09986014
0.1389726
0.062122207
0.17215486
0.118615024
0.09916804
0.10173329
0.2616237
0.09766765
0.19446257
0.06406496
0.17523207
0.10190427
0.050354023
0.07087256
0.12533018
0.10336064
0.08410292
0.046695765
0.056094814
0.07513334
0.098595984
0.097521596
0.0930921
0.1140077
0.24745238
0.08950977
0.0989903
0.14624514
0.11727637
0.066863745
0.040155362
0.07656666
0.065867625
0.028276905
0.039519027
0.048604596
0.033442676
0.017928356
0.02480297
0.027025433
0.013807274
0.013405431
0.013640061
0.013140124
0.0061897985
0.007422268
0.007875175
0.003212738
0.0029302097
0.002195861
0.0018638347
0.0013240126
0.0010893703
0.0012761069
0.0011443845
0.001227349
0.0011830588
0.0015149047
0.0014788567
0.0016307288
0.002099612
0.0022916498
0.0024588574
0.004624827
0.0029732396
0.0031667105
0.0041744504
0.0057728984
0.003413037
0.002539393
0.0021932244
0.0021993564
0.0016679505
0.0016033617
0.0018312513
0.0014909052
0.0012497237
0.0016947502
0.0015656846
0.0013961211
0.0016372716
0.0016163144
0.002199419
0.0017029074
0.0019860817
0.0019917823
0.0020138475
0.002730102
0.0020922706
0.0024222282
0.0025946072
0.0024186405
0.0039634183
0.003951821
0.004783369
0.008386423
0.006551106
0.005239326
0.0055725537
0.0032051879
0.0044789137
0.008834744
0.004745515
0.005895295
0.007146094
0.008314776
0.005871795
0.006352205
0.01434489
0.0063045677
0.007453408
0.0061190305
0.008777466
0.007557531
0.0055739675
0.0073759747
0.010470549
0.008996968
0.0065145013
0.009750339
0.014956805
0.008017047
0.0067021903
0.011857903
0.008370865
0.009192196
0.018593745
0.033610176
0.04212052
0.029840566
0.03468826
0.048804138
0.039801728
0.044098143
0.06526064
0.071139336
0.04695537
0.08740598
0.14004685
0.076415055
0.090233326
0.062968686
0.090231545
0.052935474
0.044657428
0.053246144
0.055069666
0.03335221
0.036085404
0.049839977
0.03474264
0.043652166
0.06571014
0.097570874
0.041928053
0.052656546
0.043360043
0.046831015
0.030727638
0.030689942
0.0279217
0.024845507
0.021128712
0.016753474
0.02222309
0.021682443
0.017139606
0.026783472
0.020352947
0.015004681
0.012505377
0.01124145
0.014329007
0.008157016
0.008251173
0.007023069
0.006300856
0.004954009
0.0034164025
0.0027497292
0.002646698
0.0019910338
0.0018907764
0.0016691778
0.0015025238
0.0013118607
0.0016071146
0.0018096769
0.0013492473
0.0011905965
0.0014866762
0.0013694742
0.0010902149
0.0011442129
0.0011857649
0.0011892313
0.0014973696
0.0017775858
0.00245358
0.0020736638
0.0040348093
0.004795811
0.00437782
0.005603581
0.005784479
0.0069782697
0.007776771
0.007736475
0.013088839
0.016030908
0.016008267
0.015996007
0.02081691
0.020699356
0.017824905
0.014678564
0.020929605
0.017987313
0.017333819
0.018503737
0.02232135
0.020782828
0.021269845
0.021600341
0.024496479
0.017359488
0.023124471
0.02440226
0.021710712
0.02369856
0.022530435
0.024942167
