0.008168412
0.014384235
0.011765234
0.009829624
0.010984068
0.0091597885
0.009350769
0.011787265
0.009893793
0.008407359
0.011586479
0.009114055
0.009408763
0.010055345
0.013187237
0.01777095
0.028513808
0.023201367
0.036608823
0.039908893
0.05066267
0.034175593
0.040623765
0.045363627
0.045188963
0.040879864
0.041690305
0.021248335
0.023131128
0.020225292
0.019590681
0.016481526
0.00946042
0.009484266
0.008417079
0.004370166
0.0058623757
0.005568652
0.0061165923
0.0037771966
0.0036302852
0.0036809144
0.0027329442
0.0038136386
0.0037352287
0.0036208355
0.003401804
0.0025835852
0.0030201513
0.0031536568
0.002802816
0.002041894
0.00200899
0.0017141437
0.0014086444
0.0015277833
0.0014557455
0.0014997548
0.0016641595
0.0021040596
0.002135469
0.0019464515
0.0019157204
0.0026870205
0.0024946267
0.0020516259
0.0022316882
0.0020693147
0.0018702319
0.001743978
0.0016292654
0.0017434501
0.0016566481
0.001313575
0.0015981551
0.0015018671
0.0015594587
0.0014511013
0.0016750754
0.0014373631
0.0014359497
0.0015273629
0.0018567116
0.0016914071
0.002708267
0.0033594605
0.0031189066
0.011996218
0.037686378
0.04040099
0.05257566
0.055937275
0.07153165
0.09003524
0.08843318
0.18478352
0.22732109
0.13295262
0.18316847
0.188955
0.24642146
0.15607266
0.30853528
0.20800975
0.17324786
0.20121132
0.20481527
0.19805723
0.13861173
0.22270364
0.3670404
0.17112003
0.1975355
0.19691491
0.16845952
0.08545474
0.17180294
0.1329219
0.24700296
0.28055167
0.8216316
0.47394314
0.744353
0.588928
0.7755608
0.60933036
0.41474167
0.8179988
0.71491265
0.44196236
0.19071934
0.6697554
0.55648494
0.30697072
0.13197358
0.16257012
0.08380259
0.09818656
0.059876367
0.09107012
0.02524523
0.082081184
0.073794276
0.10766481
0.05224046
0.6545366
0.4133118
0.23697563
0.38909188
0.3540183
0.22325537
0.17269595
0.14403284
0.1669778
0.093101904
0.048768137
0.056371767
0.07283717
0.09745692
0.05054798
0.10668123
0.04699456
0.094047025
0.03000518
0.054723807
0.09093392
0.08165267
0.07339703
0.029768094
0.087162815
0.12753011
0.15267573
0.070545115
0.12058569
0.19008954
0.13342054
0.07798798
0.12690498
0.16888113
0.19922678
0.06824741
0.20318319
0.1717053
0.14288962
0.098350674
0.31663328
0.19449611
0.35406414
0.09629952
0.29260412
0.25432798
0.15937461
0.18837123
0.25120476
0.17627016
0.18658422
0.08309328
0.07445924
0.096618295
0.13905005
0.13728325
0.10499037
0.1388174
0.23849735
0.1028617
0.11824536
0.14860971
0.12076639
0.07392752
0.07001213
0.09550398
0.061967626
0.04023623
0.064010456
0.066063866
0.05091261
0.021566197
0.031097405
0.028644947
0.015182596
0.016410926
0.0147089055
0.009786769
0.004748856
0.010193676
0.006146251
0.0040111314
0.0031878173
0.003981593
0.0031503192
0.0021724706
0.001983739
0.0015548711
0.0013555487
0.0014238971
0.001756585
0.0014703206
0.0012454517
0.0013332481
0.0019350696
0.0013977234
0.0013456251
0.0019642725
0.0021069732
0.0020606902
0.0035818035
0.0072024157
0.004362645
0.0047483267
0.010560978
0.0047439835
0.004133689
0.008775466
0.009698212
0.0052622547
0.0035183525
0.0050535523
0.0033896414
0.0015500756
0.00184985
0.0019815916
0.0011951887
0.0013027907
0.0015026424
0.0013800011
0.0010999286
0.0011252
0.0012050598
0.0011076713
0.0011937245
0.0012532127
0.0011198758
0.0012323135
0.0015296262
0.0013330951
0.0015917487
0.0031796305
0.0022757093
0.0024672623
0.0037184781
0.0038266226
0.0026660196
0.0017648493
0.0025437495
0.0023092346
0.0015826878
0.002002161
0.0019465969
0.0020930155
0.002315244
0.0026103288
0.0023103654
0.002842327
0.00295673
0.003148322
0.00304349
0.004019843
0.0031711885
0.0034737773
0.0036353841
0.0053401953
0.00355097
0.0050053922
0.008544149
0.0064658113
0.008321254
0.008921395
0.008203406
0.009031689
0.008344423
0.009203086
0.0058230786
0.005538869
0.006715332
0.0058768243
0.004927881
0.006585796
0.0043211905
0.00445933
0.006416072
0.008754789
0.006541403
0.0066727004
0.01074453
0.0056095365
0.007667326
0.014777873
0.02655689
0.05877137
0.022992812
0.030565161
0.051602706
0.03423782
0.03088055
0.043502517
0.046247695
0.03292267
0.040550865
0.052379955
0.03593028
0.033437297
0.022652816
0.029207468
0.016899744
0.011333324
0.011973023
0.0070949295
0.0064378767
0.006147189
0.006839779
0.005880815
0.006651813
0.0073755938
0.008220739
0.004959924
0.006392402
0.0063081863
0.006281881
0.0039973687
0.004016667
0.004379953
0.003463789
0.0028361066
0.0027024625
0.0023462612
0.002611013
0.00292843
0.0029402787
0.0035755392
0.0039609284
0.0033464308
0.0039818087
0.0050269733
0.005668454
0.0043760394
0.0051665693
0.0067502176
0.006392965
0.0056629092
0.0053205513
0.0047290022
0.0031595957
0.0037935076
0.0026475866
0.0018971603
0.0019635025
0.0019226274
0.0015670485
0.0013291928
0.0012599012
0.0013073625
0.0011118186
0.0011862196
0.0011982801
0.0011803096
0.0011192424
0.0012138665
0.001055301
0.0011291116
0.0010043972
0.001033272
0.0011439475
0.0013441842
0.0015764545
0.0020628092
0.0017156646
0.002512694
0.002145694
0.003516646
0.003834813
0.004677239
0.0053089987
0.00538216
0.008165326
0.009325665
0.010621077
0.014317886
0.015920565
0.020705136
0.019724347
0.024683325
0.02420733
0.025514908
0.024872301
0.022759039
0.019516762
0.020036273
0.017124688
0.023303706
0.019935211
0.019220924
0.019626385
0.022841888
0.019379599
0.023380017
0.02662072
0.039386954
0.043988682
0.051207047
0.0613743
0.048903737
0.048411034
0.045312673
0.04260153
