0.0067287036
0.01216425
0.011467716
0.007923948
0.012064226
0.0119508235
0.011615173
0.013569238
0.015803767
0.018425992
0.022970755
0.0132807465
0.018625984
0.028667005
0.024982417
0.03392941
0.05423899
0.045427166
0.062358297
0.05471235
0.07253852
0.058412395
0.0679193
0.07757905
0.061823916
0.05008891
0.0425678
0.021275293
0.020561382
0.013618748
0.012728873
0.01076173
0.006319749
0.0062181684
0.0047292174
0.002652951
0.0034770872
0.002236996
0.0041245245
0.0023422139
0.0016903558
0.0020572278
0.0018180833
0.0018758526
0.002322493
0.0019343145
0.0026360543
0.0031063478
0.0039470526
0.0038278787
0.0034807075
0.0056027262
0.0064909505
0.0035327324
0.0046338732
0.0042250846
0.004844361
0.005807508
0.009509124
0.013863375
0.011425624
0.03624693
0.06929996
0.064916655
0.089582585
0.081507
0.11636681
0.1214432
0.099067055
0.14767295
0.14697771
0.084036134
0.123290114
0.095995404
0.1381246
0.087315194
0.15687484
0.10790028
0.1175556
0.13720115
0.13060284
0.1386956
0.10025799
0.13952065
0.12798071
0.12639594
0.14921013
0.13367422
0.107051045
0.06988095
0.19503239
0.14566287
0.19400072
0.3727327
0.8098939
0.61011106
0.7322136
0.65084237
0.7725008
0.5500689
0.465453
0.805385
0.67696655
0.4219879
0.15991613
0.66397053
0.5132575
0.25538203
0.09973325
0.123817325
0.07093109
0.07401944
0.049702458
0.054284673
0.024719039
0.07639313
0.058923874
0.08431411
0.048588037
0.553397
0.2547074
0.12450641
0.24807246
0.18449806
0.09470558
0.06517213
0.08138989
0.065798126
0.051625874
0.040067434
0.047713444
0.056250952
0.09708136
0.06353435
0.14389567
0.07613087
0.14043537
0.049220163
0.17423531
0.112788916
0.25866583
0.110751085
0.08499009
0.10007307
0.13480158
0.11452859
0.08978375
0.14456609
0.13402033
0.16519172
0.24118954
0.15077692
0.19016357
0.21625212
0.08070026
0.15795387
0.14596818
0.13153177
0.07731372
0.16011548
0.13931301
0.24149105
0.06051258
0.19395891
0.18134141
0.096466385
0.11857111
0.13982987
0.11207419
0.08768858
0.05125776
0.056722213
0.1182482
0.13328756
0.09170021
0.09125478
0.096614115
0.23951297
0.13877963
0.1558416
0.17900991
0.24935976
0.065300114
0.042112824
0.076311804
0.074026264
0.028627586
0.052395508
0.051809404
0.023787923
0.013559796
0.025321119
0.021483814
0.00868436
0.011587822
0.016689109
0.004812657
0.0043968363
0.0046794056
0.0023646276
0.0015731736
0.0014585783
0.0014322993
0.0011669408
0.0009574244
0.0011931714
0.0012013837
0.0010847512
0.0010413314
0.0013655013
0.0013255096
0.0013556876
0.001573432
0.001847047
0.0020994872
0.0035856343
0.0025816541
0.0027790663
0.0031774894
0.0044442383
0.0030538177
0.002364893
0.002000618
0.0023136705
0.0013968259
0.0016430207
0.0014673665
0.0012554737
0.0014662894
0.001260086
0.0011798886
0.0010935882
0.0010768125
0.0009927701
0.0009414496
0.0009298327
0.000955355
0.0009317745
0.0011993799
0.0012591874
0.0013770858
0.0015793233
0.0017432392
0.0029044058
0.002945006
0.0042686053
0.004636504
0.0047616265
0.005347094
0.0044545205
0.0035290797
0.0055149253
0.0050315997
0.0037800202
0.004667313
0.005025492
0.005677058
0.00384514
0.0044799657
0.007229546
0.0040149544
0.0036221864
0.0038362374
0.004429951
0.0042421552
0.0038745813
0.0052744495
0.003932384
0.0031585672
0.003314424
0.0037021877
0.0043250145
0.0044602337
0.0054164836
0.007287211
0.0057398938
0.0085672205
0.014601832
0.027977563
0.054168236
0.037597988
0.045977544
0.062778436
0.052844133
0.052957088
0.08521644
0.08258219
0.056370005
0.07843474
0.09798994
0.07370125
0.07206865
0.05304358
0.08139585
0.051934164
0.050280333
0.051449012
0.04258683
0.036274858
0.036222335
0.04107326
0.046484444
0.04006032
0.046760567
0.059159733
0.030492015
0.034845334
0.033420518
0.039707948
0.028149322
0.035390962
0.028085524
0.023430232
0.025274571
0.020737637
0.01690281
0.01870489
0.014697548
0.015392491
0.013706221
0.014239932
0.014130688
0.014491597
0.010241722
0.0078166835
0.007829867
0.0049481713
0.005394833
0.003275007
0.0032578274
0.0027451431
0.0018858606
0.0015829914
0.001642894
0.0014445157
0.0015273235
0.0012813538
0.0015997422
0.0013330836
0.0021602612
0.002413742
0.0022269397
0.0017496777
0.002497621
0.0020864268
0.001730938
0.002025313
0.0024304711
0.002264152
0.0030326291
0.0033261785
0.0038639435
0.0037752895
0.0054891314
0.0061724046
0.0054517253
0.0056210626
0.005203327
0.0065495204
0.008112663
0.007711974
0.01784547
0.015793571
0.014826089
0.015378932
0.023225995
0.02343502
0.030974027
0.028284049
0.033260554
0.02163094
0.03208025
0.026539037
0.039639637
0.03189211
0.031853605
0.026447266
0.0323796
0.02409405
0.036650166
0.0336011
0.07059704
0.049035203
0.053713538
0.055898134
0.06016951
0.03813232
0.034769543
0.036523253
