0.00557645
0.008134356
0.006690911
0.0059091523
0.0087532
0.012295492
0.018665073
0.019291958
0.014557146
0.012757393
0.01733269
0.018116467
0.020187965
0.027093211
0.036024928
0.052799687
0.06390579
0.04202216
0.07407806
0.08314088
0.086247355
0.08780602
0.117800266
0.13054739
0.16666365
0.16364127
0.16824573
0.12703672
0.17970237
0.22450572
0.18373999
0.13996954
0.100637846
0.053541318
0.077638686
0.037791852
0.046007544
0.035002027
0.016824836
0.021262113
0.019120226
0.0093493825
0.012754006
0.0051309387
0.009010932
0.00473376
0.0037300666
0.0040400377
0.004315477
0.004745515
0.0052745044
0.004827811
0.005560061
0.0048438744
0.0058398694
0.008289457
0.008123061
0.009103846
0.008791154
0.0060951468
0.010936689
0.008613715
0.01107146
0.015984543
0.017850334
0.026810532
0.02639575
0.08163522
0.10373827
0.11081453
0.14842795
0.117983766
0.16116185
0.18095084
0.14913997
0.1728319
0.20064312
0.1465093
0.19530146
0.13561514
0.21109526
0.11231206
0.2293889
0.10885274
0.13430955
0.15015063
0.17216349
0.14523578
0.1206832
0.19027553
0.31744888
0.15212812
0.18224508
0.19727394
0.21007176
0.10181336
0.121973425
0.10783195
0.12178165
0.095223226
0.24411786
0.08724207
0.120376915
0.064464614
0.19918293
0.12401376
0.16850038
0.3220445
0.4889774
0.410022
0.38121337
0.25883347
0.39601505
0.26638716
0.13698944
0.14046904
0.14461118
0.15953113
0.15693219
0.11969693
0.08771235
0.12511864
0.12327773
0.10605999
0.081303425
0.07468027
0.07057783
0.09698473
0.087703146
0.095495164
0.060037468
0.13108735
0.13606125
0.13405715
0.09035708
0.604363
0.36420453
0.19878735
0.24731295
0.1878702
0.09991823
0.086215585
0.09561245
0.09583836
0.07468375
0.045351468
0.056323823
0.06617578
0.089042604
0.06145643
0.13076846
0.08398109
0.113107555
0.05971195
0.18558544
0.12989856
0.23516457
0.14188285
0.13477676
0.116374806
0.15697798
0.17016843
0.10972404
0.15556085
0.1752898
0.21868615
0.195942
0.218497
0.2213776
0.20848468
0.056749772
0.17185454
0.14070645
0.10498375
0.06047119
0.18812023
0.1220693
0.16231734
0.11180109
0.24295777
0.12274425
0.12704791
0.22389984
0.20988987
0.13409549
0.19969286
0.09197118
0.08056661
0.1434444
0.19775796
0.17423634
0.1417264
0.15677492
0.25509152
0.11741841
0.14937283
0.16839275
0.1593668
0.08237461
0.056984134
0.083213404
0.076883875
0.038341504
0.05418382
0.046051603
0.04122232
0.019473266
0.022763949
0.02637724
0.017925804
0.013095092
0.013851189
0.0146609675
0.0061809486
0.0067573832
0.006048127
0.0034307973
0.0029810609
0.00213372
0.0020568625
0.0014915754
0.00120403
0.0013884016
0.0014256123
0.001387574
0.0013521017
0.0015829727
0.0015836458
0.0017634915
0.002191268
0.0021226178
0.002425407
0.0043523693
0.0037945712
0.0032132186
0.004851051
0.00739314
0.003880213
0.0023826396
0.002345876
0.0023792419
0.0013917801
0.0015366758
0.0013628463
0.0011233942
0.0010806111
0.0011294322
0.00095697335
0.00094145327
0.0008681488
0.00084160117
0.00078878214
0.00094977254
0.00096658804
0.0010041202
0.0012056143
0.0012671744
0.00159806
0.0018060902
0.0020761134
0.0030974036
0.0030513231
0.00428921
0.004515006
0.004934924
0.0055746017
0.0047447584
0.0040925876
0.006107068
0.006823625
0.0055606226
0.0069874814
0.0075599165
0.0072970935
0.005792231
0.0073235757
0.009950102
0.008159393
0.006575104
0.005750726
0.008966367
0.006661743
0.008059105
0.0074019525
0.009279865
0.0066273925
0.0055645686
0.0106281
0.015942521
0.011690139
0.011359476
0.025279328
0.022226747
0.01924494
0.03883746
0.07750221
0.12744811
0.06434121
0.10570985
0.15205593
0.07700932
0.10066335
0.12144992
0.10676388
0.07876064
0.10780159
0.11237374
0.08362929
0.07774909
0.05910698
0.07779601
0.04409808
0.040952895
0.040454656
0.028980589
0.023368
0.021335559
0.021733958
0.018971335
0.021120254
0.029764747
0.029548272
0.016435036
0.022036374
0.023909599
0.017996151
0.010070929
0.011066221
0.008012589
0.005407228
0.0065483134
0.007923655
0.006322017
0.0053298315
0.008116931
0.011068689
0.0074678287
0.0091309985
0.011217804
0.010257578
0.008910689
0.009038955
0.011333933
0.0066205086
0.007944808
0.006598783
0.006655069
0.005626022
0.004467163
0.0044699498
0.0039178743
0.0031139872
0.00317181
0.0028962106
0.0033582042
0.0038632608
0.0036457235
0.004367432
0.0042368267
0.005291534
0.00492487
0.0051216437
0.005087813
0.004406223
0.004308027
0.0032898556
0.0033904565
0.003139987
0.0030041987
0.0032697283
0.0035052185
0.0032884406
0.0026384888
0.0027622813
0.002605759
0.0030351533
0.002875343
0.00392124
0.004469307
0.005481307
0.007452484
0.007228615
0.007966313
0.010678388
0.015258714
0.02523826
0.013984617
0.03539184
0.034831014
0.047832813
0.042404756
0.05071654
0.04320577
0.037080508
0.027744474
0.038721837
0.028720949
0.021849122
0.016482208
0.016310386
0.013188999
0.008389045
0.013235178
0.011845562
0.0100511685
0.009150748
0.012211297
0.009367188
0.010506859
0.014332051
0.016213898
0.018851316
0.016736964
0.02398253
0.02417743
0.02355941
0.023093157
0.034775928
0.036835305
0.04457233
0.039630927
0.053863592
0.05978212
0.08301498
0.121829554
0.1292028
0.13009003
0.1378409
0.13305393
0.12924685
0.14736044
0.18944147
0.20358925
0.16117443
0.13473463
0.16779475
0.23000288
0.22786908
0.23421013
0.18057802
0.25211304
0.26519766
0.14479229
0.25979725
0.44880792
0.16375357
0.20506366
0.23715594
0.2541005
0.17536779
0.14375746
0.1701691
0.20825514
0.1685912
0.17388521
0.16561717
0.1659721
0.18117699
0.14878894
0.1378353
0.12810239
0.10588484
