0.011292731
0.023280766
0.018690314
0.017351752
0.02703736
0.032813217
0.030260505
0.041094635
0.026087532
0.021244716
0.02170069
0.019526454
0.019062907
0.02128902
0.024893912
0.043403875
0.05947472
0.052269086
0.066007346
0.06948316
0.07390707
0.05625432
0.06047938
0.05243352
0.055468976
0.046896614
0.047451474
0.026104158
0.024320798
0.017899958
0.013096941
0.009367884
0.007004495
0.0061743623
0.0050778706
0.004295505
0.005735582
0.0033267303
0.00440999
0.0051387725
0.003473375
0.002360597
0.0032259522
0.0049217306
0.0037314172
0.0030104164
0.0028360712
0.0032830453
0.0027475595
0.002063909
0.00244598
0.0022897078
0.0019192848
0.0019476347
0.0020676285
0.0017376206
0.0017384398
0.0020256503
0.0019251499
0.0015661445
0.0013991265
0.0016380629
0.001685578
0.0018277394
0.001626522
0.0015979741
0.0023169774
0.0022934733
0.0019777599
0.0021932954
0.0026654545
0.00280344
0.004444445
0.0050737625
0.004609852
0.0054309294
0.0060478775
0.008264717
0.0073902076
0.008564952
0.008433217
0.009402724
0.00879892
0.009624776
0.03132663
0.0655457
0.111207835
0.112893835
0.102533706
0.12394661
0.14568244
0.12551776
0.19264032
0.19191226
0.13696721
0.18295781
0.17009267
0.23575939
0.13459216
0.36439595
0.1959646
0.16749786
0.15937038
0.16579221
0.16073109
0.114689805
0.13501859
0.14213634
0.12893842
0.15530534
0.12699251
0.116977096
0.075982824
0.18577857
0.14521143
0.19095996
0.33835337
0.8450681
0.58163947
0.7349006
0.6134594
0.7800405
0.4645423
0.44584236
0.82574075
0.6791034
0.35478225
0.16133381
0.6443791
0.5538363
0.3525707
0.14433222
0.20368356
0.1138554
0.13261518
0.11550196
0.09685631
0.050450675
0.17003262
0.14425148
0.12620509
0.09148106
0.6492872
0.26761213
0.1445962
0.26547045
0.16840203
0.08042688
0.047272753
0.06392456
0.05399014
0.043679528
0.032229003
0.041470442
0.049653806
0.093651816
0.057963945
0.13378635
0.072998114
0.12829381
0.04105135
0.17324203
0.105138235
0.24664067
0.103984125
0.070609175
0.09858234
0.14256594
0.1119518
0.086168274
0.14767799
0.1449586
0.16174684
0.23302452
0.1630495
0.1883161
0.18943098
0.066821665
0.15816222
0.13516274
0.11476285
0.079805925
0.14978608
0.12765928
0.17222333
0.07099063
0.24016818
0.17619023
0.0794272
0.15607555
0.1791832
0.14036614
0.134864
0.12459563
0.09164546
0.12040444
0.15407972
0.1518768
0.123392284
0.15067036
0.3433386
0.16534527
0.22191648
0.31441763
0.33427766
0.11754634
0.0756634
0.1337184
0.069793686
0.032002404
0.057464268
0.059095133
0.02495539
0.017199852
0.028074203
0.018395856
0.0076296027
0.007864308
0.013201411
0.004585524
0.0037680084
0.005478926
0.0024563347
0.0019373234
0.0021136305
0.002075406
0.0015831467
0.0012129864
0.0015737789
0.0016226472
0.0015303079
0.0018148334
0.0024423574
0.0026226207
0.0023974208
0.0028572376
0.002679813
0.0032208276
0.0045657563
0.0032363404
0.0027134572
0.0037358159
0.004075445
0.0026606582
0.0015878191
0.0014544063
0.0014448301
0.001095868
0.0010261422
0.0010394413
0.001000777
0.00097562
0.0009488645
0.00090809114
0.000910396
0.00086263486
0.00080212986
0.0008595371
0.0007572024
0.00086295593
0.00095859956
0.0010730241
0.0011584907
0.0011073516
0.0014395932
0.0018528036
0.0018919664
0.002503837
0.0029006673
0.003247093
0.0052390527
0.0053877276
0.0042779264
0.0047139106
0.0030385514
0.004051076
0.00523788
0.004162827
0.0067709377
0.0061528785
0.0068722246
0.006203335
0.0065562814
0.008490906
0.0065591577
0.007324716
0.008563903
0.010013084
0.010717828
0.006231956
0.0046223537
0.005420811
0.0041245935
0.004796954
0.00482159
0.0051426156
0.0061567957
0.0048681796
0.005831758
0.008027858
0.009620845
0.018052021
0.028945696
0.043104425
0.037314415
0.03961866
0.045328803
0.03956711
0.043201275
0.053254668
0.056162667
0.05075788
0.07462885
0.0879984
0.05435511
0.07330609
0.052351445
0.07107644
0.044543523
0.046083998
0.047107726
0.03298578
0.032544736
0.02794713
0.03106693
0.023489418
0.026831504
0.03541008
0.0481574
0.022082798
0.02364978
0.022512391
0.032190416
0.018262714
0.02111902
0.017868996
0.010838864
0.008805115
0.00793831
0.0070552616
0.0050038914
0.009011495
0.0067372117
0.005768817
0.004321511
0.0054835794
0.004906784
0.005297295
0.008040327
0.007862586
0.0061774263
0.010066353
0.010270182
0.0069893943
0.00687642
0.00718535
0.006331754
0.0038026657
0.005873424
0.0040428382
0.0027881332
0.002737378
0.0023273716
0.0018981934
0.001657669
0.0016486218
0.0016253561
0.0014003342
0.001453361
0.0015234106
0.0016425108
0.0014016645
0.0015335864
0.0013088987
0.0012235857
0.0010987405
0.0011821644
0.0013159247
0.0015903702
0.001943259
0.0027949307
0.0028586076
0.004019812
0.0034651847
0.0066802334
0.008527116
0.008871284
0.010467846
0.011007314
0.020029468
0.021169709
0.030671574
0.04986308
0.024086205
0.035261564
0.034426115
0.04464146
0.03832779
0.045211107
0.043230753
0.04544818
0.03813979
0.04682427
0.041112155
0.052412886
0.048823003
0.043833733
0.035470568
0.036899082
0.028867938
0.044586223
0.046319634
0.10079155
0.0631523
0.06525635
0.08457663
0.057086628
0.04805894
0.04109325
0.042921238
