0.007474062
0.020443665
0.019845711
0.014994324
0.012721481
0.015987737
0.012964161
0.011634403
0.0123824375
0.014651879
0.018120825
0.011273933
0.01183519
0.010982292
0.01006853
0.016374439
0.022063017
0.016066575
0.01982035
0.017963316
0.012005717
0.013000982
0.023733307
0.023215225
0.020853944
0.024767252
0.01814013
0.025426503
0.025274217
0.035405762
0.03714536
0.025916336
0.027731936
0.026143184
0.024138894
0.03214944
0.03877206
0.03856299
0.03549611
0.0520525
0.043105528
0.03942845
0.033056214
0.048713833
0.036713336
0.042176634
0.043876424
0.039644253
0.031840827
0.03314366
0.012925345
0.01363876
0.012315261
0.0103675155
0.008656593
0.0063564586
0.005995355
0.0068903067
0.0035003684
0.004922583
0.0028934497
0.006053323
0.003816424
0.0028137807
0.0031126565
0.0035058784
0.003764831
0.0038508319
0.003896817
0.005217222
0.004785313
0.0064642797
0.010247615
0.010888941
0.010995085
0.010749103
0.008347138
0.012272779
0.008794671
0.012418808
0.01604632
0.015013409
0.019572427
0.023874246
0.07317219
0.08526371
0.09050632
0.13334556
0.1020049
0.1346274
0.15178552
0.13133396
0.16133893
0.18731315
0.1343716
0.17860526
0.13106847
0.20709524
0.104596235
0.21773785
0.11169463
0.10607157
0.14041008
0.16077188
0.14178309
0.10528404
0.1835455
0.27712873
0.13249964
0.19714272
0.22090478
0.19034944
0.064863816
0.18950817
0.14122202
0.21149114
0.28407812
0.8129822
0.5806665
0.7042988
0.60415685
0.76455307
0.52465403
0.39090046
0.80578357
0.67675817
0.38511688
0.15421492
0.65277565
0.54857874
0.27274123
0.10220313
0.12178795
0.066187754
0.07211916
0.045846723
0.054560967
0.025428832
0.08050034
0.06019964
0.08685278
0.04925524
0.5919125
0.26376587
0.13399944
0.26643527
0.20439728
0.10433438
0.08135801
0.0998199
0.08759996
0.06784206
0.04498295
0.053174704
0.07467276
0.10016397
0.05921732
0.124953434
0.07068919
0.07401316
0.040591758
0.095426165
0.07758732
0.06556112
0.08251695
0.1076227
0.112526916
0.19531645
0.34950414
0.38157764
0.16087487
0.28449216
0.35035297
0.2002806
0.1587881
0.15546067
0.26004654
0.08692907
0.17433484
0.1536668
0.10176557
0.06847402
0.18877393
0.15744725
0.22206657
0.17795484
0.2927717
0.14289384
0.15103489
0.2176037
0.206836
0.115422726
0.16171096
0.073505
0.06671411
0.11543056
0.15409522
0.14183877
0.10015101
0.115007825
0.19740744
0.075196706
0.10469899
0.12830041
0.13120393
0.06929907
0.048743367
0.07293792
0.062254637
0.030590065
0.04723527
0.042449567
0.0349248
0.016982755
0.022198467
0.021959916
0.013449371
0.010599843
0.0097755175
0.008521978
0.0045120665
0.0046730624
0.0034065342
0.0021017583
0.0019277151
0.001597139
0.0015291382
0.0011813765
0.0010116864
0.0010761004
0.0011081758
0.001171991
0.0011565665
0.0012604917
0.0014370224
0.0013964615
0.0016140407
0.0016098483
0.001792889
0.0029317385
0.002581733
0.0024117667
0.0032763674
0.0043403413
0.003166134
0.0020892683
0.001857418
0.0020699538
0.0013535679
0.0014293268
0.001279923
0.001098412
0.0009825933
0.0010040844
0.0009299997
0.0009045519
0.00085216906
0.00081520015
0.0007118708
0.0007776731
0.0008408801
0.00085263816
0.0009245772
0.00092950405
0.0011853533
0.0012619025
0.0013889822
0.0021852665
0.0026650196
0.0032300043
0.0031697978
0.0039561493
0.004495229
0.0035392328
0.0032227018
0.005527996
0.0054113846
0.0043553193
0.0059664026
0.0065771854
0.0059819487
0.004615906
0.006451919
0.008866509
0.0067881565
0.0056147785
0.0050989036
0.007184395
0.0051237675
0.005690597
0.00570214
0.0069375047
0.005066796
0.004292382
0.007802138
0.0089984825
0.006478352
0.0070314608
0.013444537
0.009550676
0.008535909
0.020110793
0.04234346
0.07292171
0.03550574
0.06940632
0.109263234
0.0574511
0.068617165
0.091592655
0.08899526
0.06394049
0.0877647
0.10089735
0.06999962
0.06316452
0.048943695
0.066237755
0.041784707
0.039730065
0.0422395
0.029472861
0.027959155
0.023076694
0.026015349
0.022567302
0.02315805
0.029681647
0.03098727
0.016758401
0.018429268
0.021201083
0.020550447
0.009184134
0.010647894
0.008148715
0.0047388086
0.0053397673
0.0072169728
0.0050252443
0.0052517466
0.0068747536
0.0097910995
0.006665217
0.008484401
0.010063958
0.010572718
0.0071720416
0.0068898466
0.008082532
0.004915723
0.007445962
0.006826007
0.0065834257
0.0052085947
0.0049954564
0.0040475084
0.0033390836
0.0034576678
0.0045637367
0.0026383996
0.002723551
0.004151435
0.0030897006
0.0030910466
0.0043972163
0.0044798236
0.0037550444
0.004210651
0.0047760652
0.0031037058
0.0029676796
0.004922819
0.005669736
0.005400683
0.005151176
0.0060172845
0.0050130947
0.004684223
0.0044320524
0.0035826713
0.0029038908
0.0039573857
0.0039992123
0.0035551686
0.005615423
0.0073043546
0.0061915345
0.0061445762
0.008697876
0.009872646
0.00819793
0.010027913
0.0127572715
0.015931558
0.009677942
0.01400566
0.013930653
0.014482487
0.012830645
0.010462109
0.015169831
0.01511837
0.015900824
0.033938523
0.022026788
0.02729008
0.02733206
0.02963189
0.033309482
0.022317566
0.03001205
0.031129478
0.026625926
0.027255319
0.021370383
0.02057925
0.020417897
0.023316408
0.022174507
0.021424621
0.026653446
0.024644678
0.025071379
