0.005556716
0.008383656
0.0063933777
0.0043963003
0.005243734
0.0045583243
0.005491998
0.0061607533
0.007980093
0.007968946
0.008641118
0.00793305
0.0091556655
0.011838726
0.011979144
0.016330672
0.030299893
0.017981991
0.027785227
0.048909325
0.07008037
0.057348028
0.08043388
0.08154157
0.05836494
0.04875597
0.057834238
0.027052844
0.028291164
0.02009988
0.013825043
0.011509115
0.011096178
0.0084447125
0.006872631
0.005356664
0.006147262
0.0034740926
0.003673186
0.003193723
0.0026873846
0.0031464905
0.0025774338
0.0032869764
0.0035126917
0.0031073168
0.003038673
0.0035277053
0.0027415948
0.0022057889
0.0023704602
0.0018257041
0.0018649545
0.0017842675
0.0017077487
0.0014102792
0.0015442108
0.0019419593
0.0016837183
0.0018018478
0.0020592061
0.0017369261
0.0016544485
0.0015845463
0.0020133578
0.0018837991
0.0023223902
0.0034660182
0.0033473375
0.004531283
0.009252894
0.008409045
0.014698516
0.014756789
0.015124334
0.009484741
0.01000893
0.00930956
0.010768347
0.014494593
0.014136523
0.01636931
0.017987896
0.04143804
0.06127628
0.057520572
0.094860144
0.08673498
0.10029207
0.1052518
0.10185453
0.13592288
0.16406466
0.10544662
0.1817257
0.12174525
0.21203968
0.10288452
0.19238459
0.06816755
0.1437442
0.14770117
0.11064216
0.10897252
0.09890442
0.13431408
0.12732737
0.10609173
0.111808896
0.112155996
0.17489019
0.21734326
0.11889032
0.19535795
0.33951733
0.62591326
0.25523925
0.616155
0.46395054
0.6611121
0.41389808
0.40424037
0.81322247
0.6451759
0.36736023
0.14134046
0.6724047
0.5773542
0.22632511
0.096244924
0.21956019
0.121841386
0.09253427
0.13322954
0.22303729
0.044348218
0.09207092
0.26910707
0.09122425
0.09779821
0.63715094
0.3578816
0.08089789
0.22042494
0.24935052
0.1381436
0.07027883
0.09951956
0.27301675
0.096334115
0.06292859
0.058955
0.095822774
0.1080795
0.060769316
0.14165576
0.07687249
0.12098544
0.03564259
0.12561744
0.09021178
0.20074134
0.092007965
0.071391724
0.10898667
0.19724552
0.14391069
0.078913234
0.137647
0.12554191
0.15908657
0.19462565
0.19808292
0.14927553
0.19569078
0.090589136
0.15188088
0.0980657
0.10680644
0.08187732
0.12575856
0.09203226
0.12312921
0.06910836
0.2345783
0.12164288
0.06973359
0.21880068
0.11220753
0.17833577
0.19235326
0.069371134
0.11665326
0.10733998
0.112804666
0.06482091
0.084026225
0.13466494
0.24092269
0.10154019
0.20256773
0.25712943
0.30311012
0.18651602
0.18986939
0.1776909
0.21050185
0.083634585
0.1672964
0.11329612
0.053137958
0.026679536
0.057358317
0.03254658
0.02357496
0.03891193
0.055111073
0.057104405
0.028189266
0.03145603
0.010378265
0.006906984
0.004394483
0.004372152
0.0028005275
0.0021861233
0.0022377858
0.0023159017
0.0023162675
0.002152867
0.0016955708
0.0017769716
0.0019577658
0.0017871062
0.0017661158
0.0024884073
0.002494286
0.0025660037
0.003178162
0.0033270747
0.0033971805
0.0023517958
0.0027328143
0.0034908012
0.0028172492
0.003306985
0.003862615
0.0043390435
0.003275329
0.005032421
0.0039470973
0.003361882
0.004226276
0.0040995767
0.0068994616
0.0025405758
0.002756335
0.0024679385
0.002511055
0.0018765758
0.0019698874
0.0025716433
0.0018646342
0.0015806789
0.002054378
0.00142503
0.0022126292
0.0031401257
0.004917732
0.0042705475
0.0034470076
0.0042744363
0.00361478
0.0034217036
0.0061051263
0.0046209125
0.00470585
0.0062731626
0.0062218024
0.006639685
0.00661811
0.007034541
0.007886759
0.0064534815
0.0072129183
0.005874908
0.00599814
0.0056373947
0.0053757797
0.004128724
0.0058184257
0.005733692
0.0060636722
0.007435791
0.0078965295
0.011098899
0.0098922895
0.021546002
0.03360615
0.03854166
0.03386275
0.04804365
0.043507718
0.04091149
0.04581872
0.06948142
0.08950241
0.060529742
0.10487796
0.13765354
0.08116554
0.10326553
0.06894216
0.09695508
0.053684726
0.044240262
0.046314158
0.03028237
0.025628878
0.025905361
0.024272956
0.025662133
0.029559854
0.054553613
0.068225734
0.022314943
0.033157997
0.031422414
0.036196876
0.014113076
0.019294458
0.015929913
0.012253816
0.01601984
0.014630607
0.014758544
0.015251922
0.015994979
0.02125873
0.01677996
0.0138334315
0.0153608555
0.014676254
0.013631994
0.013525174
0.018382516
0.013204071
0.014197818
0.012592791
0.012571096
0.010136252
0.007894016
0.0068414286
0.0061395937
0.0044754576
0.006256894
0.0033907387
0.00338835
0.0034492218
0.004574305
0.0064675696
0.0040551815
0.00598124
0.004670451
0.0042161485
0.0036886379
0.0029631555
0.0028041038
0.0040617557
0.0062832832
0.0055241883
0.0065281778
0.008614754
0.011329141
