0.004136081
0.006199946
0.0049495664
0.0036273303
0.00459606
0.004098689
0.00495911
0.005059693
0.007115797
0.0076468764
0.008293328
0.0079323
0.008524544
0.010562183
0.010071957
0.014493728
0.02438466
0.017022075
0.03246018
0.060155414
0.0773431
0.07031585
0.078993894
0.08618134
0.07448783
0.05933178
0.06429549
0.040189043
0.036308013
0.02620517
0.01713824
0.011341673
0.0137590505
0.011580342
0.01039386
0.008475448
0.009476869
0.007919511
0.0061164037
0.005372568
0.005274054
0.0056276657
0.003909736
0.004651404
0.0055531496
0.004332687
0.0035931724
0.004178373
0.004134718
0.002957492
0.0045517515
0.002836554
0.0033254484
0.003477819
0.0028481781
0.0020131404
0.0021727176
0.0036530767
0.0028546022
0.003958589
0.004359672
0.0039470075
0.004708254
0.0038576426
0.0055971285
0.0048609176
0.0048952145
0.0059311194
0.0060208957
0.008321722
0.018431546
0.015875587
0.033998515
0.025796223
0.02399928
0.015118178
0.018955545
0.016204529
0.013837745
0.020019269
0.020625548
0.022437392
0.02533833
0.056871038
0.07343171
0.06562583
0.11059158
0.0894261
0.09810248
0.11004783
0.10722138
0.1410643
0.16807783
0.12041494
0.19665521
0.14047758
0.22890931
0.116504714
0.21393679
0.08430491
0.16212839
0.16556844
0.13571687
0.12735425
0.11127223
0.15595387
0.14934145
0.13879104
0.1507905
0.14698322
0.19980967
0.2709361
0.16735929
0.2641174
0.35355213
0.76121277
0.3262688
0.58266985
0.51134527
0.717034
0.6297001
0.4446087
0.7958834
0.6819867
0.48630694
0.1754001
0.6996487
0.5903317
0.20131427
0.091250665
0.19096635
0.10649859
0.07186122
0.06750373
0.14970517
0.03638427
0.08697626
0.12312558
0.09041894
0.1169776
0.69783247
0.40795293
0.14851691
0.45080033
0.4911905
0.17158203
0.08601828
0.13255715
0.6158076
0.14541335
0.13269174
0.1718748
0.648475
0.11957354
0.20264308
0.31924224
0.23325089
0.13830388
0.16372554
0.30228958
0.09936485
0.03622139
0.14986111
0.082353204
0.055513438
0.043613765
0.04364707
0.06474207
0.025641931
0.062480137
0.054996405
0.065583706
0.037060253
0.06044598
0.043923434
0.0945779
0.05394176
0.1126457
0.08463
0.04503952
0.065462485
0.15036461
0.09972037
0.05560847
0.10903052
0.09464407
0.1304058
0.1306021
0.11791496
0.15321629
0.16979103
0.10656389
0.18630391
0.09864452
0.09842197
0.0819703
0.1339936
0.072550125
0.15880741
0.089802206
0.20369808
0.13024105
0.16112289
0.23778751
0.12117366
0.15468562
0.17916474
0.060573146
0.07471705
0.07825776
0.13124028
0.085553005
0.07694993
0.12737696
0.26189762
0.12988609
0.15462975
0.2222008
0.3331191
0.10725864
0.08655272
0.17370965
0.15401243
0.038771864
0.06199597
0.058527708
0.025068277
0.012871972
0.022946475
0.014826933
0.008611318
0.010190592
0.012035366
0.008003877
0.0069946847
0.00704767
0.0035257614
0.0028002025
0.0023546887
0.0025226981
0.0018166051
0.0014939358
0.0015936717
0.0021343986
0.0020332567
0.0019691263
0.0017389546
0.0014407987
0.0013492749
0.0014758706
0.0013762921
0.0017920604
0.0013825406
0.0014153025
0.0015697739
0.0016831924
0.0013506963
0.0012788689
0.0011222573
0.0011938723
0.0010015735
0.0011567544
0.0012754155
0.0010513023
0.000915725
0.0012388445
0.0010800245
0.0010460718
0.0013126489
0.0012061783
0.001879376
0.0012431217
0.0013268548
0.0015200953
0.0017963254
0.0014572123
0.0011992777
0.0016291507
0.0011650571
0.0012183221
0.0013617299
0.0013540379
0.002513061
0.0037161803
0.0048127663
0.005026544
0.00406824
0.0045288145
0.0046472535
0.0036885748
0.0048976536
0.004463991
0.0039941976
0.0052889097
0.006388418
0.007364044
0.0063207196
0.006973596
0.009930093
0.007920506
0.006603452
0.0081197
0.008517885
0.005814464
0.0055625057
0.006473023
0.007851066
0.006284507
0.008081925
0.0072167674
0.009590828
0.013278035
0.011874832
0.016350072
0.021887688
0.033160534
0.029296972
0.031813823
0.031380445
0.035077352
0.034305017
0.04064797
0.051589698
0.042646244
0.06411486
0.0769205
0.06001064
0.071329504
0.05315748
0.073433846
0.047678508
0.042501364
0.044311795
0.03198244
0.028380914
0.028464304
0.0273772
0.024928847
0.026691426
0.04698649
0.06339915
0.02512325
0.03610853
0.033552036
0.041820537
0.018671198
0.022632238
0.019661749
0.016000796
0.019743625
0.017974129
0.01875652
0.018714862
0.021088062
0.026188735
0.022464486
0.01618634
0.018735899
0.021895712
0.020403551
0.018185299
0.035814
0.017580358
0.01993357
0.014851993
0.016516104
0.013369695
0.012931649
0.00930293
0.011095032
0.007818093
0.007903077
0.005384088
0.0056090895
0.0058893827
0.007034578
0.010404043
0.006523636
0.0070704073
0.006607823
0.007874844
0.005144546
0.0065069944
0.004591483
0.008141257
0.009486072
0.0065259426
0.009416476
0.011406224
0.012827564
