0.0057392814
0.010498227
0.009159538
0.006268358
0.0078342585
0.005353481
0.006151957
0.0084596705
0.007892664
0.007747409
0.008964113
0.006815564
0.006955754
0.00868606
0.008699053
0.012431867
0.020542722
0.017563418
0.021705205
0.03405535
0.04747385
0.03640081
0.04658371
0.052013226
0.047996894
0.04169333
0.057986166
0.034451805
0.04322973
0.029144691
0.01913258
0.015113371
0.008591154
0.006287965
0.0050999317
0.003652447
0.004026704
0.0022844851
0.0019989165
0.0018738268
0.0014384934
0.0014217265
0.0014131233
0.0016126911
0.0013426635
0.0014516818
0.0013504133
0.0013545905
0.0011936921
0.0014005483
0.0015045698
0.001292626
0.0014361248
0.0015685839
0.0012906822
0.0013832583
0.0015962762
0.0014961276
0.0015468643
0.0014871645
0.0016044177
0.0018063937
0.0013712478
0.0020999569
0.0018239703
0.0019336573
0.0018004461
0.0024313813
0.0024430496
0.0028762384
0.0038621307
0.0037947297
0.0034167252
0.004758469
0.004124035
0.0043378985
0.005036269
0.0039236117
0.0058433367
0.0061188103
0.0063990625
0.016363574
0.023205591
0.029403295
0.041926887
0.05361522
0.07750702
0.11312541
0.08302881
0.15689729
0.15545653
0.09644274
0.14573483
0.14128743
0.19645126
0.11343608
0.1895322
0.10965348
0.14712055
0.18120988
0.16384909
0.17712371
0.14982402
0.18090828
0.16545972
0.20300905
0.22263187
0.17775027
0.1653818
0.11946394
0.23061569
0.17100349
0.23918101
0.33784616
0.8259829
0.51354766
0.64914846
0.6211123
0.74105036
0.5300202
0.46634007
0.807331
0.68391573
0.4283165
0.16022345
0.66111416
0.5219333
0.2282538
0.091424495
0.17060941
0.1020357
0.10181036
0.09235564
0.095929004
0.051059466
0.19051234
0.19562684
0.09605366
0.12193212
0.69285345
0.16290711
0.17339331
0.30785882
0.26360765
0.11877378
0.0980896
0.119437136
0.17010355
0.08818803
0.059282117
0.062280416
0.11182032
0.11034822
0.062008962
0.095063746
0.07216535
0.042009227
0.031371634
0.06065288
0.058430336
0.047498606
0.10384972
0.07051839
0.09627176
0.21712853
0.39692998
0.42918637
0.21861982
0.3962561
0.35709655
0.11128053
0.15387632
0.1483432
0.19656782
0.050352313
0.19236626
0.21860635
0.11704303
0.086507715
0.48867935
0.20425557
0.3031639
0.08482868
0.3885145
0.22132981
0.06650619
0.08519049
0.129289
0.115051255
0.079035595
0.055783473
0.09812561
0.28151983
0.27552703
0.24825177
0.22225934
0.22385457
0.48795176
0.24065474
0.31475845
0.37029323
0.2705248
0.113930576
0.17833692
0.19461393
0.07159009
0.043062102
0.09461147
0.061242174
0.026985213
0.017264018
0.023798656
0.019431202
0.005970129
0.00740531
0.011279121
0.0032769095
0.0033921553
0.0036026856
0.0021541007
0.0014261962
0.0014740342
0.0014929582
0.0011544582
0.0009722979
0.0010929613
0.0010836099
0.0011544197
0.0013180897
0.0015797444
0.0015737916
0.0019388
0.002108315
0.0022749451
0.0021820664
0.003012975
0.0037692867
0.0030578678
0.0028385334
0.0044531208
0.0035941424
0.0019045296
0.0021146869
0.002683861
0.0021310404
0.0016327517
0.0014969298
0.0016186569
0.0013843088
0.0013184575
0.0012922875
0.0014601168
0.0015072555
0.0014457232
0.0016641073
0.0015811921
0.0016307847
0.0019283089
0.0017034723
0.0019127969
0.0021062354
0.0033799598
0.0033630833
0.0034881216
0.0031303598
0.0038065172
0.0040031937
0.0035724791
0.0040519857
0.007723926
0.0038666774
0.0051784674
0.007288874
0.0078057083
0.008214475
0.010155086
0.010415718
0.01057185
0.008888763
0.010626094
0.009624558
0.011550933
0.011245849
0.010456971
0.007645729
0.015652785
0.01011075
0.0063114245
0.009137834
0.013695622
0.009985616
0.009867717
0.014454807
0.017279224
0.01715687
0.031887237
0.08090147
0.110375226
0.07274995
0.07344258
0.105631225
0.06509009
0.06250578
0.07565866
0.083840854
0.058866512
0.075802356
0.09894476
0.07412758
0.07029974
0.053840354
0.08581844
0.043866463
0.03708582
0.039149765
0.027152171
0.023544442
0.019874716
0.017076839
0.015181176
0.014735583
0.025421128
0.023638166
0.011397663
0.012956086
0.01340675
0.017232632
0.008175663
0.010691003
0.013571798
0.013375458
0.016499182
0.015637454
0.012466519
0.017250432
0.017689373
0.020846166
0.01738692
0.013645735
0.016112812
0.015536864
0.012731444
0.011675378
0.010540772
0.007501544
0.010592954
0.0062655453
0.005191212
0.003958909
0.003517679
0.0029083912
0.0024364789
0.0023571611
0.001944793
0.0013313384
0.0015652187
0.0015372758
0.0016939725
0.0015758257
0.0015210522
0.0013393156
0.001380676
0.0011515323
0.0011547232
0.0011998403
0.001383713
0.0013695641
0.002020121
0.0022247222
0.0029829594
0.0030375607
0.0046355976
0.0043203845
0.004743027
0.005747622
0.005259874
0.0060292147
0.0077080447
0.0071430565
0.010593549
0.014085707
0.016554791
0.016626092
0.022173567
0.023116125
0.019438826
0.01683638
0.020338643
0.018148514
0.017500332
0.018487765
0.021801084
0.01886102
0.022517731
0.020798974
0.023270411
0.017876236
0.018051261
0.018815251
