0.009167712
0.017298765
0.013554975
0.010361276
0.015366821
0.017264526
0.016882332
0.019761665
0.017609932
0.015764713
0.017361365
0.015236425
0.015777644
0.018874217
0.0251213
0.035206698
0.05253409
0.053791888
0.06581913
0.07119308
0.08953313
0.075492755
0.07775928
0.0748779
0.078208424
0.059921272
0.057111055
0.033932928
0.03485175
0.021392016
0.016016247
0.012866188
0.0074397908
0.0074149123
0.0054954686
0.0040644533
0.0047731334
0.0035134228
0.004637574
0.004174617
0.0030529744
0.0026364191
0.0037156704
0.006206234
0.004356283
0.0045309197
0.0039347196
0.0039456165
0.0042372453
0.0035433925
0.0038675168
0.0035714917
0.0041630683
0.0040944833
0.0034954452
0.0028316302
0.0025469905
0.0033960296
0.0023762656
0.0017991122
0.001613651
0.0017590591
0.0016969749
0.0015891978
0.0016115938
0.0016393618
0.0020372528
0.0021261475
0.0021287135
0.00221332
0.0025038407
0.0026628484
0.004196509
0.00438351
0.0039277324
0.0052026827
0.005758999
0.007616996
0.006852229
0.008732962
0.00962165
0.011103531
0.011298238
0.012074888
0.03313113
0.07025456
0.12268297
0.117271334
0.09868484
0.13160774
0.149563
0.11752838
0.2121354
0.21865645
0.12927677
0.18465483
0.16830187
0.22784802
0.11794507
0.2534133
0.21681812
0.16720395
0.14663285
0.16806267
0.20191397
0.1309402
0.15169989
0.1712431
0.17387651
0.17798458
0.15250485
0.17263545
0.13615958
0.18053369
0.15570806
0.20852764
0.23245254
0.5917272
0.2586668
0.37980875
0.22255419
0.58824086
0.41976017
0.37392324
0.79114836
0.64277864
0.46809286
0.18771537
0.6771957
0.56231743
0.28696132
0.11838286
0.14509659
0.10428109
0.10305179
0.08470385
0.08830474
0.036761157
0.1631872
0.109967224
0.19308986
0.11457216
0.70423
0.4338914
0.27935165
0.38890544
0.40685028
0.24649435
0.19132513
0.14949122
0.42008185
0.09919863
0.060468804
0.0695614
0.15843774
0.059289135
0.06496328
0.103439994
0.2692437
0.120504715
0.24295336
0.14012212
0.21567836
0.051290862
0.18181458
0.2213463
0.2146955
0.09710013
0.056219798
0.09871797
0.11067148
0.09322781
0.0767959
0.13474764
0.12489246
0.15872991
0.24301161
0.16030563
0.17557202
0.18710178
0.05836628
0.14332692
0.12576723
0.10478399
0.07226512
0.13458307
0.11935128
0.1676244
0.06716828
0.21672106
0.16223104
0.08970185
0.15104713
0.16408709
0.14273609
0.14734495
0.12573624
0.09341829
0.12460651
0.16911614
0.16562141
0.1327148
0.16667557
0.3598039
0.17410007
0.20488797
0.2782077
0.30268574
0.11321151
0.069430254
0.1267022
0.07445664
0.041421928
0.051789623
0.056567803
0.026797945
0.019469643
0.030606428
0.0220173
0.011834699
0.011981358
0.020482518
0.008271629
0.00662133
0.007949602
0.003030352
0.0022840176
0.0016702135
0.0014893939
0.0012157938
0.000978152
0.0010406491
0.0010074846
0.001063366
0.0011810069
0.0013024284
0.0013099799
0.0014201204
0.0016173659
0.0016082979
0.0021565906
0.0028878395
0.002830416
0.00232341
0.00253014
0.0030559609
0.0019209235
0.0012746467
0.0010935861
0.0010774225
0.0010108569
0.00095124147
0.0009321207
0.00094085693
0.0009462797
0.00092072977
0.00089684746
0.00090986706
0.000864047
0.0008066646
0.00087154465
0.00077964686
0.000906996
0.0009922198
0.0010920012
0.0011223087
0.0010640227
0.0013297778
0.0016599597
0.0017962945
0.002271039
0.0026347481
0.0027478808
0.00392611
0.003936043
0.0033250183
0.0035724249
0.0024854902
0.0036303408
0.0041058115
0.0035010038
0.0061772503
0.0059878547
0.0063208546
0.005850709
0.0060176435
0.008332882
0.0062018037
0.0067971586
0.007516712
0.008480627
0.00865487
0.006282613
0.0044231005
0.0054615764
0.0044072815
0.004853431
0.004607365
0.0053076893
0.006690588
0.0046890317
0.0060781795
0.008502149
0.010479851
0.020695373
0.03593872
0.057481058
0.043382775
0.05202316
0.066546775
0.05185135
0.06748023
0.08955734
0.093270116
0.100785114
0.1327449
0.13463424
0.083812214
0.10820129
0.06834643
0.088983744
0.05079303
0.053064995
0.052339144
0.037500743
0.04071779
0.040485635
0.0463641
0.03857963
0.043902874
0.055725783
0.07017101
0.026825814
0.028698053
0.026810817
0.033753704
0.02167213
0.022681316
0.01975654
0.011976696
0.010262124
0.00906538
0.007898991
0.005255998
0.010396121
0.008285538
0.007888401
0.0063898196
0.008723367
0.007895775
0.0070745926
0.0098282965
0.010498871
0.009182464
0.012842657
0.014237181
0.01073652
0.010144341
0.009916352
0.010464611
0.0056811376
0.007159738
0.005339952
0.0040528304
0.004088992
0.0031692327
0.002580115
0.0019481472
0.0020508657
0.0018216461
0.001513473
0.0015958445
0.0016653158
0.0017535173
0.0014606187
0.001609001
0.0013317371
0.0012051223
0.0010898941
0.001155077
0.0012937499
0.0015577801
0.00194379
0.0028872052
0.0028119844
0.0039602495
0.003507701
0.0064232377
0.0075396625
0.008177689
0.008827035
0.008973916
0.015276407
0.017410463
0.024363592
0.03894372
0.020148568
0.029970337
0.030403543
0.040268008
0.03421235
0.04239337
0.040728092
0.042666867
0.0356818
0.04514183
0.039399944
0.05097561
0.04819897
0.043611933
0.03630209
0.03709672
0.030032087
0.046051536
0.047551986
0.10682715
0.06551483
0.06697567
0.08556461
0.05832805
0.048501987
0.04169053
0.04322085
