0.010227641
0.017828837
0.014069598
0.009464925
0.014140272
0.01202873
0.00999695
0.016375966
0.012868871
0.010325531
0.013954713
0.009527196
0.0125385495
0.012661999
0.017494125
0.019067705
0.036484044
0.030702367
0.033144012
0.037300613
0.056620605
0.047094822
0.0534909
0.0712072
0.06952351
0.0513917
0.06109348
0.046590213
0.053558297
0.042942263
0.05926337
0.051892143
0.033185937
0.03890788
0.045388248
0.031416334
0.03510112
0.03690832
0.03146639
0.030086296
0.024964094
0.01624797
0.0129887005
0.0088308705
0.01032007
0.0077458993
0.0050309817
0.0049933353
0.0041774013
0.0029599848
0.0036900856
0.0033888586
0.004321841
0.0029431235
0.0032011303
0.0025185572
0.0025923636
0.0023698502
0.0030245923
0.0029717262
0.0032957115
0.0031845598
0.002987353
0.0030863937
0.0055231275
0.004631116
0.0047839023
0.005169685
0.005865561
0.0056229336
0.0060477774
0.006474379
0.005747927
0.009736656
0.0077939215
0.008044626
0.008124959
0.018331174
0.0099197
0.019228846
0.010732272
0.0067780023
0.01524457
0.007249073
0.008371269
0.0046192417
0.004709546
0.004705611
0.0024746705
0.0040168944
0.0021203617
0.0025165789
0.002319516
0.0021520518
0.0030620047
0.0029003834
0.0035644593
0.004037598
0.006537673
0.025237065
0.021731213
0.031469036
0.03238646
0.042545766
0.05156698
0.07054894
0.21005559
0.18829235
0.11984602
0.18720822
0.21797438
0.2499396
0.13255966
0.2930979
0.19516999
0.12758678
0.16092393
0.20359291
0.18195371
0.1236081
0.17273737
0.23739976
0.14358893
0.16586556
0.15657704
0.18129349
0.06523752
0.16295423
0.1325964
0.1764677
0.2252562
0.8426755
0.51510245
0.76000357
0.5957902
0.7808536
0.63983804
0.39341053
0.80626416
0.7161365
0.43612346
0.17841998
0.6590126
0.55224687
0.31884053
0.14606652
0.16557111
0.08064701
0.09906832
0.06319995
0.095927894
0.025910595
0.08552589
0.070931844
0.11008321
0.050939135
0.5898006
0.30661628
0.18530767
0.29431033
0.25551894
0.15488085
0.10262422
0.08669113
0.086402334
0.08805954
0.043310326
0.051506333
0.06882899
0.134689
0.054816525
0.11973072
0.070771225
0.15234648
0.031693593
0.08311134
0.18672776
0.10989347
0.17868803
0.10020575
0.12851249
0.22217683
0.25196385
0.20974845
0.13852166
0.21818848
0.23958443
0.22319345
0.111415
0.28951657
0.25761357
0.06652622
0.31013587
0.3159628
0.16195008
0.11777557
0.6124001
0.31894627
0.38042757
0.09236172
0.50154096
0.27630702
0.09254338
0.17490345
0.21014807
0.1499927
0.09899234
0.052618243
0.06616211
0.067339964
0.08928413
0.087591775
0.0891898
0.11951306
0.24542888
0.11807912
0.1204725
0.17305312
0.22289474
0.095893115
0.056462176
0.1446783
0.12940879
0.046238985
0.06371684
0.0666865
0.029175967
0.01809158
0.028546134
0.02286557
0.011024894
0.011132088
0.015213269
0.006201419
0.003985212
0.0040665865
0.0031477835
0.0021259198
0.001423847
0.001986649
0.0017928163
0.0013284
0.0012278641
0.0012693922
0.0015031162
0.0017018027
0.002047734
0.002457667
0.002687304
0.003243348
0.005053878
0.0050751083
0.0037986704
0.0050559044
0.006379857
0.004647236
0.0031933573
0.0039852574
0.0027477972
0.0016872413
0.0015513713
0.001298669
0.0011227642
0.0010434466
0.001106839
0.0010341736
0.0009815533
0.00084230915
0.0008741777
0.00095903623
0.00093237427
0.0010847972
0.0011176735
0.0012405296
0.0013454944
0.0014327412
0.0017368648
0.0019234043
0.0019343899
0.0019590596
0.002389326
0.002400591
0.002350314
0.001965533
0.0029508756
0.0026007623
0.0024261859
0.0035859137
0.004179159
0.004292315
0.0044949814
0.0050771264
0.006492968
0.004643428
0.004484219
0.005071532
0.0059128623
0.008994762
0.006628316
0.00597961
0.008018018
0.0070129074
0.005062313
0.010105749
0.01413312
0.012976688
0.006360725
0.018426094
0.007968197
0.008236355
0.017742123
0.040517174
0.08246787
0.026733961
0.03240413
0.058540408
0.03707724
0.042382166
0.049300622
0.07408087
0.062997654
0.09548812
0.1209362
0.07295914
0.07501959
0.05983001
0.0838846
0.047293693
0.045830645
0.046486937
0.032821998
0.031063948
0.035615377
0.036618296
0.03259561
0.03887049
0.055363048
0.05724246
0.026050761
0.03197233
0.026521007
0.03195862
0.018580081
0.016651582
0.013818628
0.011247488
0.00985015
0.0066547664
0.0044267615
0.004332835
0.005527422
0.0062094904
0.0067554917
0.006328988
0.0066540004
0.006471778
0.0071115633
0.0066200006
0.0053308676
0.0052566617
0.0068558548
0.006711663
0.004790282
0.005347926
0.0062420876
0.0036701823
0.0037186085
0.003187858
0.0029651693
0.002448591
0.0022514015
0.0021246932
0.0018885685
0.0017686699
0.0022816295
0.0016304456
0.0016685121
0.0019050799
0.0020230773
0.0015744263
0.0017650342
0.001717034
0.0016848368
0.0012524
0.0012434686
0.0013863615
0.0014554176
0.001639408
0.0026075246
0.0021214364
0.0032456892
0.0036916777
0.0050213593
0.0050681983
0.006750941
0.008021254
0.0056001283
0.009513563
0.011994098
0.011809441
0.025123646
0.018029002
0.020803647
0.02439029
0.037342243
0.031888343
0.03847979
0.03807505
0.03752044
0.026162434
0.027040157
0.023540497
0.033786565
0.021664215
0.02280559
0.021455323
0.018182099
0.020037781
0.02660238
0.033652965
0.056446284
0.05132614
0.05143482
0.06219025
0.046185013
0.046874177
0.039334483
0.037895348
