0.010034263
0.019711304
0.015654065
0.013926469
0.020148039
0.02330068
0.022557177
0.028374588
0.022848317
0.018050939
0.020383878
0.018508412
0.019294051
0.021816863
0.028395092
0.03983312
0.057618104
0.05911263
0.07386219
0.07674213
0.09022744
0.07783519
0.0799466
0.07806529
0.07863713
0.064623155
0.05898366
0.035350565
0.04111813
0.029293688
0.0215292
0.01749356
0.012007729
0.010665303
0.0078599965
0.0070472453
0.010636151
0.00587162
0.0073367464
0.008158324
0.005768221
0.0034981105
0.004242034
0.006799557
0.005316924
0.003910798
0.0034171136
0.0038474165
0.0032932719
0.0021834103
0.002567813
0.0022849587
0.001990869
0.0018487964
0.0019375188
0.0015788145
0.0015392394
0.0018276288
0.0016074307
0.001435867
0.0012744811
0.0014845188
0.0015204939
0.001678065
0.0015055707
0.0014765222
0.002095828
0.0021679457
0.0018733937
0.0021904765
0.0026698783
0.0029568637
0.0047451905
0.005740212
0.005275523
0.0061171055
0.0064853444
0.008707395
0.0076345652
0.008421909
0.008048336
0.009545869
0.008445762
0.009174229
0.028699806
0.061977807
0.10476521
0.11142551
0.09459575
0.11620405
0.14049447
0.115531534
0.18073416
0.1838038
0.123671524
0.16703154
0.15485656
0.22340791
0.11932629
0.33699274
0.1876062
0.15838395
0.15083376
0.15490957
0.15447411
0.109134145
0.1315934
0.13884555
0.124985695
0.15228854
0.12636624
0.11745781
0.08400079
0.1895095
0.150501
0.19862302
0.35982388
0.85643476
0.5961673
0.74936885
0.6181919
0.7849225
0.47963193
0.458982
0.828333
0.68658966
0.36598733
0.1685381
0.6603193
0.5606429
0.35583267
0.14339732
0.19505747
0.11131657
0.12618345
0.10975734
0.09244786
0.046815183
0.16299662
0.13943659
0.13498607
0.089223936
0.6522278
0.2745801
0.14921007
0.26875055
0.17471029
0.078405894
0.04533192
0.060571864
0.051856276
0.042829428
0.032339722
0.04218856
0.05071203
0.09362409
0.05927026
0.13691375
0.07402359
0.13309598
0.043374486
0.17278938
0.11388472
0.24631341
0.10422303
0.075031094
0.097800545
0.13600808
0.10951018
0.08554154
0.14586751
0.14112714
0.16387773
0.24390411
0.16984549
0.19700964
0.19784899
0.06567429
0.15833203
0.1385807
0.11537766
0.0758854
0.14728841
0.12900873
0.17070603
0.07332133
0.2290344
0.17024755
0.088147745
0.1506001
0.17144345
0.14081731
0.143434
0.12452975
0.0922035
0.121026665
0.16001858
0.14960416
0.12070395
0.15091622
0.35824403
0.16313858
0.20547085
0.30552655
0.33851984
0.12339652
0.07240972
0.13007565
0.07099799
0.03379723
0.057580467
0.05920666
0.023991661
0.016571157
0.02815873
0.019492103
0.00782766
0.008810893
0.01476826
0.004785272
0.003811064
0.0052134986
0.0023966373
0.0018132059
0.0019028245
0.0018513863
0.0014487802
0.0010883025
0.0013423426
0.0014185483
0.0013571965
0.0015686227
0.002092187
0.0023775909
0.0021873158
0.0026645407
0.0025502937
0.0032440107
0.0049511422
0.003534141
0.002960052
0.004317934
0.004614458
0.0030374986
0.0016843493
0.0015501722
0.0014653165
0.0011027256
0.0010389774
0.0010703477
0.0010361006
0.0009941335
0.00096573617
0.0009176282
0.00091570884
0.0008817435
0.00083036587
0.0008860801
0.00077933935
0.00084910565
0.00091496756
0.001018388
0.0011320258
0.0010086049
0.0012314956
0.0017349758
0.0018402113
0.0023967684
0.0030323782
0.0034270233
0.00557646
0.005143594
0.004347151
0.004446651
0.00279678
0.003917476
0.005207972
0.0038831444
0.006173809
0.0061951065
0.006516227
0.005536107
0.006416796
0.008513682
0.0059167207
0.0068907733
0.007703593
0.008506464
0.012153609
0.0070232023
0.0058028516
0.0071841357
0.00735167
0.0049714404
0.009020207
0.010471527
0.008755869
0.0045891954
0.009094305
0.0059837266
0.006280494
0.01246193
0.02601111
0.05634316
0.018385207
0.024135761
0.036358118
0.027339995
0.03035535
0.043255236
0.038047343
0.035752155
0.049674895
0.06477609
0.044915296
0.057681326
0.041407067
0.06431228
0.040747084
0.041413616
0.046680547
0.03399872
0.033192914
0.030843994
0.036433823
0.031169118
0.036590196
0.049722437
0.07254399
0.02993829
0.033306584
0.030818773
0.04141746
0.027368503
0.03462617
0.029431343
0.0208424
0.01684305
0.014186617
0.012177316
0.0074756336
0.012658464
0.00964962
0.009061347
0.0057808002
0.008287157
0.007956784
0.006981565
0.010528381
0.009945589
0.00740246
0.011364811
0.011861624
0.0075053014
0.006777643
0.0068518687
0.0071467604
0.0036602153
0.0051147286
0.003951449
0.0027334432
0.0026401104
0.0020987282
0.0018403245
0.0016180004
0.0015436199
0.0015918087
0.0012816582
0.0012977652
0.0014159583
0.0014757336
0.0013977687
0.0014622387
0.0013136012
0.0012057292
0.0011363616
0.0011339561
0.0013101209
0.001481793
0.0018335476
0.0025557629
0.0022135319
0.0030665991
0.0030771086
0.0061603417
0.007557871
0.008385253
0.00920378
0.008738947
0.013436197
0.013830544
0.018482894
0.029736644
0.019719653
0.025421849
0.024208015
0.031004425
0.026146583
0.027826022
0.030078432
0.030403038
0.02438853
0.029108094
0.02434884
0.03586282
0.032174036
0.029560965
0.025166122
0.026493408
0.023077242
0.03170006
0.03518081
0.07049858
0.049804296
0.05190715
0.06259661
0.040746037
0.039971866
0.035590686
0.03738193
