0.022720478
0.049757373
0.05758831
0.03714081
0.049158756
0.06028781
0.070608124
0.06540288
0.061187968
0.06369611
0.069115326
0.042517923
0.056726832
0.061025713
0.07778589
0.1101493
0.16890691
0.1694403
0.1838112
0.15675302
0.20816334
0.14860485
0.18979043
0.20772348
0.15120761
0.1232793
0.09876238
0.04270276
0.058379635
0.030179229
0.036201086
0.02916977
0.013571652
0.017469155
0.015812661
0.0080304295
0.012058851
0.004685993
0.008038596
0.0040813717
0.0033838553
0.0038461192
0.0041049165
0.0036999106
0.0045628273
0.0055921306
0.0074029234
0.005230655
0.0071574124
0.011652093
0.008590983
0.009123055
0.0102315135
0.0061468775
0.008215803
0.007567419
0.009359913
0.00968699
0.010627398
0.016081508
0.0132170245
0.04645237
0.07160096
0.07471738
0.11900604
0.09130801
0.13393736
0.1406185
0.13354774
0.15935351
0.1747688
0.10817391
0.15316086
0.106915675
0.1697341
0.09765916
0.19065678
0.10177417
0.11239448
0.13521773
0.13877946
0.12427634
0.098792605
0.13746385
0.12507088
0.11407847
0.1445694
0.13441983
0.1050813
0.06690309
0.18035156
0.14976324
0.18902849
0.33100927
0.7963194
0.6169057
0.72832465
0.651262
0.7666646
0.54960686
0.41263428
0.8028461
0.6844724
0.42853007
0.1647643
0.6484268
0.5616191
0.29274076
0.116573736
0.13624649
0.08045196
0.08796331
0.058379725
0.0631707
0.028027387
0.09249395
0.0649168
0.0940697
0.05411903
0.5875881
0.2727732
0.13519694
0.2650671
0.20400533
0.11179459
0.07527232
0.094271936
0.07928515
0.05736903
0.041259065
0.050624564
0.0623172
0.10140438
0.0637749
0.14433488
0.08544273
0.14003748
0.052988272
0.21484825
0.118408784
0.28141844
0.1381775
0.12068536
0.11635892
0.16278705
0.16183907
0.09928911
0.13309409
0.1384751
0.15391962
0.12910749
0.13704945
0.18105367
0.14873052
0.08455319
0.15718268
0.12619598
0.12343946
0.0961521
0.13050555
0.11161768
0.16453625
0.067573965
0.14479046
0.10185087
0.1919546
0.15720847
0.14461498
0.17987114
0.21957164
0.08627601
0.0875699
0.16902797
0.23026219
0.1489258
0.13109544
0.16706946
0.44972196
0.16580506
0.2238396
0.26435333
0.26158738
0.08668119
0.09795087
0.102445036
0.06573872
0.03668259
0.073331386
0.0869079
0.036034167
0.021212772
0.03785111
0.026239226
0.012079257
0.012845607
0.023421843
0.006217049
0.004913443
0.005973134
0.0028232664
0.0018844914
0.0017927582
0.0015807202
0.00129173
0.0011107177
0.0013257483
0.0013709539
0.0013169046
0.0014219276
0.0017981594
0.0018355121
0.0019352888
0.0023073852
0.0021894502
0.0022902722
0.0037522325
0.0030046727
0.0027152437
0.004249334
0.006007521
0.003735807
0.0023776996
0.002298931
0.0025365383
0.0015104279
0.001600469
0.001488361
0.0011992622
0.0011092806
0.0011430532
0.0010412337
0.0009958019
0.0009979616
0.0008602926
0.000798054
0.0009879383
0.0010527761
0.0011008893
0.0013072853
0.001531814
0.0024490664
0.0023004517
0.002858977
0.0029107747
0.0036702505
0.0048208055
0.004142524
0.004097833
0.0065627447
0.0049571455
0.0036909115
0.005391674
0.006224017
0.0054153176
0.004895233
0.0071249628
0.0097872075
0.0060149943
0.0059075286
0.0062398277
0.007939274
0.006139402
0.008615531
0.010574181
0.009135603
0.0075913356
0.0055437754
0.008540348
0.012244441
0.009090353
0.011469317
0.016760664
0.01598741
0.017424442
0.033587817
0.06354873
0.075851865
0.054097284
0.08492543
0.11764429
0.07337573
0.0797023
0.14431514
0.1304602
0.101034775
0.15481226
0.19466333
0.12117156
0.109322235
0.09091398
0.16762266
0.052890882
0.04949158
0.05596007
0.039920222
0.036053073
0.025825873
0.03263662
0.028203482
0.024217153
0.03629737
0.03783458
0.021838771
0.025999721
0.026219217
0.032875154
0.013432444
0.018039465
0.01234004
0.007784358
0.009115252
0.009345312
0.0076787225
0.008769429
0.01182178
0.014887651
0.011911525
0.013778228
0.016405016
0.015671657
0.010291905
0.01011865
0.015721962
0.0061704717
0.0065423604
0.0052211657
0.0035692893
0.0030306848
0.0021077993
0.0016303345
0.001675565
0.0013453721
0.001515375
0.0012048441
0.0013304511
0.0012017671
0.0015822938
0.0018893454
0.0014838531
0.0013625881
0.0014584103
0.0012335558
0.0012679374
0.0014104834
0.001761405
0.0019502465
0.0024670686
0.0025238984
0.003129214
0.0034208014
0.0054916567
0.0061547067
0.00627211
0.006637952
0.0057427627
0.0075236834
0.009477809
0.00880536
0.021153914
0.020184863
0.016067263
0.019169878
0.031467784
0.035739943
0.03904393
0.032890987
0.044950966
0.03423022
0.03496959
0.03261585
0.05197773
0.047872745
0.039643615
0.034323458
0.04066497
0.027831826
0.041065957
0.038487557
0.0775461
0.050592616
0.050732154
0.061415598
0.042729747
0.04099734
0.03603445
0.037602663
