0.0074877893
0.013535382
0.011897487
0.007725955
0.01027198
0.009675282
0.008707345
0.011486114
0.009278874
0.007897505
0.010649803
0.0075323903
0.009201181
0.0093732085
0.011509705
0.012589844
0.023277815
0.017289488
0.028313143
0.031935275
0.03796782
0.03518526
0.048012953
0.052383922
0.06035587
0.05341977
0.07322026
0.0635967
0.046364058
0.047391932
0.049969748
0.031541724
0.02888297
0.02139498
0.021186987
0.020114724
0.019149868
0.011130796
0.008290383
0.008486699
0.008311788
0.006026412
0.005165898
0.0053128353
0.0038925996
0.0032529908
0.004718871
0.004112606
0.0052763363
0.003463267
0.00365032
0.002715764
0.002761605
0.002527519
0.0030825667
0.0029778825
0.0032268187
0.0030438835
0.0029261627
0.0031206345
0.005505205
0.0045050513
0.0046177795
0.0050564297
0.005649934
0.0057411427
0.0060341028
0.0066548577
0.005838322
0.010011175
0.0076077664
0.0077743465
0.0077874227
0.016343808
0.009103067
0.018253414
0.010303578
0.006549756
0.014387954
0.006684272
0.007607929
0.004269321
0.004399735
0.004555969
0.0023569243
0.0037284405
0.0020513663
0.0024928867
0.002299828
0.0021474713
0.0030188335
0.0028145472
0.0033705987
0.003991698
0.006524789
0.023302015
0.020370867
0.030443393
0.03146088
0.03918673
0.050825194
0.070211105
0.20471998
0.18469259
0.12125868
0.18623835
0.21019672
0.24120522
0.13378379
0.2868482
0.19349618
0.1280168
0.16215385
0.20369582
0.1853281
0.12745225
0.17440501
0.23777302
0.14899479
0.16571346
0.15758757
0.17936538
0.06477968
0.16158067
0.129303
0.1732728
0.21326545
0.83141416
0.49442044
0.7535722
0.5889486
0.7667023
0.62689674
0.40442163
0.79191446
0.70251364
0.43603778
0.18586335
0.6441239
0.54302496
0.33129716
0.15563807
0.16227159
0.083936095
0.103649214
0.065124765
0.0974108
0.027077543
0.089953505
0.07369803
0.115310244
0.0542817
0.58820623
0.30334014
0.19739977
0.30538017
0.2682389
0.16258903
0.113147855
0.09752898
0.09279896
0.0933868
0.046803094
0.053213634
0.07206126
0.1378305
0.05711762
0.12344798
0.07478753
0.1702037
0.03737913
0.100292586
0.23112994
0.16028267
0.22431213
0.1279412
0.1536947
0.27010387
0.29417044
0.24412188
0.15806997
0.24084412
0.2604287
0.25211224
0.1254606
0.32013
0.27577776
0.07254056
0.3380515
0.36634392
0.18407576
0.13068211
0.6433615
0.36613154
0.40131715
0.103433765
0.53177243
0.29774797
0.09535966
0.175466
0.20924482
0.14315687
0.088879436
0.04777727
0.062294707
0.062241383
0.079273574
0.08739396
0.08827543
0.11707344
0.24483688
0.11336454
0.12034698
0.17811516
0.2026595
0.09788782
0.05846437
0.14429404
0.12125664
0.043131284
0.058394298
0.060558107
0.02711816
0.017298328
0.026422393
0.021705225
0.010559268
0.01060419
0.0152279
0.006138892
0.00405548
0.0043371036
0.003560292
0.002421735
0.0016073259
0.0022674138
0.002035127
0.0014873177
0.0013682083
0.0014350961
0.0017072976
0.0018847281
0.0022059125
0.0026229525
0.0030038217
0.0036286835
0.0054095825
0.00613362
0.004491603
0.006115719
0.0077010086
0.006398817
0.0039885333
0.0042378088
0.0030662275
0.0018249769
0.0016576437
0.0013538831
0.0011680385
0.0010260561
0.0010957792
0.0010196805
0.0009666212
0.00088036
0.00090564106
0.0009824712
0.00095124234
0.0010879402
0.0011544725
0.0013318837
0.0014053254
0.0014813204
0.001814944
0.001982084
0.0019792214
0.0020238871
0.002459882
0.0024450307
0.002348089
0.002200273
0.003062019
0.002537729
0.0024410181
0.0037684396
0.0040870565
0.0041359807
0.004858174
0.0056069517
0.006162219
0.0046726414
0.0046801385
0.005152026
0.006210953
0.008618077
0.006047015
0.005525553
0.0072107306
0.0063392883
0.005005333
0.009727947
0.013890774
0.012584398
0.006130984
0.015376434
0.007285659
0.00804614
0.016686972
0.03514593
0.06739317
0.02386096
0.029352607
0.055795327
0.033864483
0.03689285
0.046949223
0.06941064
0.05671594
0.07502451
0.09404684
0.062001627
0.056620475
0.043466937
0.05734777
0.038840696
0.032228053
0.03290262
0.017421706
0.01742681
0.012351453
0.011686327
0.010585705
0.011014698
0.014710343
0.013149365
0.0060802246
0.0070395824
0.0065671755
0.0067626433
0.0038803054
0.0035069496
0.003317341
0.0027332054
0.0027017966
0.0026100804
0.002239958
0.0024108433
0.0032239289
0.0039132545
0.004696569
0.004817375
0.005132954
0.0062276754
0.0077080047
0.007547016
0.006263141
0.006289291
0.007632745
0.007442565
0.0063583176
0.00682808
0.007402257
0.0047572767
0.0050668106
0.004206604
0.0036548022
0.0030833932
0.0026665763
0.0024823712
0.0020905074
0.0020842697
0.0027037375
0.0019228332
0.0019979854
0.0023298718
0.0023425706
0.0018013555
0.0020846901
0.0022215913
0.0017515202
0.0013354007
0.0014648386
0.0016237135
0.0016113544
0.0018287568
0.0029170283
0.0022775223
0.0033869897
0.0039783474
0.0053702933
0.004987811
0.006935458
0.008513657
0.0056758984
0.01004486
0.012500362
0.012747198
0.026654275
0.018235648
0.021293512
0.024830503
0.03886561
0.03257231
0.03854514
0.03811819
0.037634686
0.02754525
0.028545354
0.024794228
0.036819592
0.022511203
0.023682537
0.022696415
0.019635214
0.020810923
0.027723169
0.03394689
0.058233265
0.05222106
0.04942311
0.05836823
0.043753505
0.044734105
0.037445277
0.03622843
