0.007839638
0.014988585
0.011459313
0.008966184
0.011299708
0.014001823
0.012756664
0.015931334
0.014295326
0.010458057
0.014760367
0.011043866
0.014021473
0.019011997
0.029914064
0.028057944
0.03549064
0.028030168
0.04581315
0.04695366
0.08170192
0.071922496
0.08120612
0.07570502
0.08642711
0.071543515
0.06915764
0.056192957
0.052279413
0.042831734
0.034380764
0.035830438
0.024371654
0.026799511
0.023541735
0.021906387
0.025456358
0.016242193
0.019514134
0.01746112
0.014446896
0.0069264723
0.012230457
0.013374936
0.013043348
0.011222125
0.009993869
0.011320924
0.009591883
0.0057615438
0.005894337
0.0038082988
0.0039620274
0.0046627587
0.0028365864
0.0037190078
0.004281895
0.0056276415
0.0036707767
0.0026550891
0.0021188566
0.00181483
0.0018903031
0.0014698873
0.001779345
0.0019229952
0.0018048289
0.0017699552
0.002079559
0.0020553148
0.0022891958
0.0029426112
0.0024718377
0.0032142866
0.0036161747
0.004160606
0.004815862
0.004044482
0.01347242
0.0057034735
0.0064818608
0.015221744
0.0047571547
0.0040151053
0.003917621
0.0097395945
0.0038606026
0.00614552
0.0061698956
0.0063825
0.0025021858
0.0027495332
0.0029226034
0.0024662346
0.0019111825
0.0021138208
0.0024097473
0.0020890366
0.0018014258
0.0030602831
0.0037648058
0.0046008704
0.0049488805
0.010703392
0.03835884
0.028506348
0.026934015
0.030068558
0.039390847
0.04093797
0.051230542
0.15883936
0.16898853
0.08620362
0.12509528
0.16587998
0.21598828
0.122220576
0.2981128
0.17106993
0.1343001
0.20848233
0.18549123
0.15751715
0.11696617
0.22290385
0.30472687
0.12850507
0.23543349
0.21111387
0.20503587
0.07735537
0.17563163
0.15578988
0.21824136
0.22277744
0.8222128
0.5412649
0.75213915
0.56134295
0.7616608
0.6343484
0.3854123
0.8031181
0.70709336
0.42205426
0.17208126
0.6439804
0.52695894
0.29632813
0.12869127
0.1574808
0.081151895
0.09821084
0.059603013
0.08964985
0.026056195
0.079903886
0.06549783
0.10207096
0.04711235
0.57888496
0.27605134
0.17996906
0.29727027
0.2578531
0.15053284
0.104091115
0.102279134
0.10015541
0.079861164
0.04042333
0.049972888
0.07039748
0.09983146
0.048450343
0.1064682
0.05402793
0.07314723
0.021528969
0.042229023
0.031075085
0.023457654
0.042892277
0.044555616
0.07256633
0.07653168
0.22885056
0.36624876
0.13141006
0.1397402
0.27342147
0.17464557
0.072401516
0.1190828
0.1772354
0.061479896
0.10605452
0.13417679
0.10493402
0.066790506
0.104197085
0.11173362
0.17673045
0.06180399
0.15029703
0.12843236
0.047712356
0.082937226
0.107492454
0.10663293
0.080483325
0.055889677
0.06482507
0.0762571
0.10855567
0.10624301
0.099439465
0.13129775
0.23742019
0.15611935
0.17211919
0.21192865
0.23237981
0.09842618
0.08743044
0.18580602
0.10667607
0.052790426
0.0935622
0.043329217
0.018548405
0.01142109
0.021838445
0.012957817
0.0061319317
0.008725194
0.009047424
0.0045507792
0.0043820287
0.004094007
0.0033193282
0.0024985266
0.002311303
0.0023809988
0.0019927174
0.0016202372
0.001561805
0.0014697536
0.0016793596
0.0017127808
0.0019683694
0.0027275195
0.0028285107
0.0032259705
0.0039733625
0.0048069325
0.0039795376
0.0055914572
0.0069827945
0.005359103
0.0036831638
0.0046386523
0.0033591555
0.0017663093
0.0015343146
0.0013204135
0.001058086
0.0009365969
0.00096920057
0.0009617405
0.00092379306
0.0008449643
0.00085970137
0.0007815787
0.0009150347
0.0010088364
0.001023666
0.0012600074
0.0015339158
0.0015596932
0.0019043864
0.0020488815
0.0026955726
0.0023759175
0.0031943514
0.0031016057
0.0026587357
0.0028183518
0.0037221787
0.0031185376
0.0029549005
0.0042315894
0.005025721
0.0050547626
0.0053246995
0.006142116
0.007033682
0.0050811167
0.0047164685
0.00608827
0.0065414957
0.01311279
0.012197264
0.010090392
0.011848497
0.01802723
0.009631605
0.02138527
0.033582155
0.022718234
0.010952049
0.028198333
0.014546546
0.014894926
0.03645991
0.07245087
0.12860142
0.04525456
0.054140978
0.11757005
0.057984628
0.061966542
0.10258286
0.08954592
0.07019239
0.09511483
0.103509486
0.07228705
0.060508326
0.045445263
0.057385627
0.03863574
0.028947664
0.027883457
0.016315514
0.01492908
0.012136904
0.011721704
0.009152491
0.009621813
0.011831337
0.012018629
0.006855913
0.0092829075
0.008608305
0.0066276253
0.004012768
0.004683943
0.004624388
0.0025137533
0.0027620133
0.0031049794
0.0027455948
0.0028171744
0.0046544275
0.006151059
0.0040494753
0.0042934357
0.0061662244
0.0064599537
0.005812124
0.00583
0.007097131
0.0075688018
0.0063709985
0.0072977743
0.0078005064
0.004487298
0.005584918
0.0040331865
0.0032164706
0.0025289634
0.00278501
0.002311775
0.0020580904
0.0021070503
0.0021008262
0.0014684874
0.001594335
0.0019359714
0.0017316303
0.0013525139
0.0015872946
0.0014378163
0.0012867777
0.0011195004
0.0011524694
0.0013037054
0.0013861008
0.0015516424
0.0023013144
0.0017654921
0.0028847463
0.0034722032
0.0051493337
0.0050027543
0.006533196
0.008481669
0.006775582
0.0099977
0.011815236
0.012905886
0.023916319
0.018006274
0.02324855
0.02421544
0.032590333
0.030034408
0.033342432
0.03278767
0.030938054
0.02372745
0.025931811
0.021462563
0.034158114
0.02557978
0.023521386
0.023968471
0.024750257
0.021235686
0.027505007
0.034569424
0.05388554
0.048336774
0.04745772
0.05563254
0.042336922
0.04218929
0.038738538
0.036161724
