0.019937856
0.03905418
0.04632172
0.031890478
0.053214446
0.067706615
0.06500583
0.07291052
0.06750868
0.0565079
0.05122871
0.033782363
0.04229049
0.048215266
0.06984054
0.09531242
0.125059
0.13670872
0.12683031
0.111047685
0.15682963
0.094198205
0.09010065
0.108637884
0.07082483
0.05226987
0.051971205
0.03913913
0.03776507
0.027089177
0.025567055
0.024979837
0.01843045
0.016646897
0.01898579
0.015369865
0.013348522
0.01238214
0.01916977
0.012201636
0.012171031
0.015475543
0.016373431
0.01511543
0.011320711
0.010560409
0.011138771
0.0066609946
0.0059892824
0.00540927
0.0047797975
0.004231083
0.0039422335
0.004226736
0.002268877
0.0019377015
0.001843955
0.001434262
0.0013932886
0.0011544329
0.0013589497
0.001398625
0.001305307
0.0013656789
0.0013551003
0.0014161457
0.0018858084
0.001703722
0.0017380045
0.002248843
0.0024894136
0.003101361
0.0037605837
0.004373582
0.003633626
0.005329328
0.0051293513
0.004956212
0.0052104727
0.0060652783
0.00435757
0.0073432615
0.006441196
0.010668524
0.012559484
0.014257277
0.01970224
0.020568777
0.057387512
0.0817099
0.08831132
0.13687366
0.09906998
0.1310791
0.14925304
0.12281565
0.14596231
0.17558788
0.11403279
0.16466351
0.10596695
0.19506195
0.09848679
0.20559229
0.07919158
0.10029947
0.13421734
0.1554324
0.13579701
0.105699584
0.18125586
0.27413374
0.12833269
0.20175314
0.21615413
0.17552342
0.060806725
0.18206038
0.12100001
0.19736096
0.29658777
0.853403
0.57857275
0.73196507
0.63573474
0.8052968
0.5263968
0.42995846
0.829155
0.6987839
0.40784556
0.17019364
0.6680024
0.57240665
0.30226967
0.11815231
0.132427
0.07196904
0.083270885
0.052880324
0.05955514
0.027017146
0.089045845
0.06896208
0.090812996
0.05227445
0.5824211
0.26132685
0.12625644
0.25488856
0.19450696
0.09944664
0.08036505
0.09584753
0.08109842
0.06092136
0.042086612
0.049181737
0.06127722
0.090647094
0.061026722
0.13587165
0.073559426
0.12415209
0.051645886
0.17571743
0.1028318
0.24242777
0.11582396
0.1080449
0.10722912
0.1458745
0.15106311
0.097868286
0.12867507
0.13923456
0.1841519
0.17158556
0.16906515
0.21374336
0.17101593
0.07782695
0.1620516
0.115032755
0.08386581
0.059179995
0.1384666
0.09139474
0.1352063
0.08174622
0.18767075
0.08781108
0.10183416
0.18016136
0.16481803
0.10104171
0.14901921
0.06723095
0.06377482
0.10666496
0.1404609
0.13060153
0.090888165
0.10336696
0.19531797
0.07358086
0.09386203
0.11524238
0.11373518
0.058331434
0.040898543
0.05957412
0.049321756
0.02701567
0.042864706
0.039012756
0.032737985
0.017967101
0.024743272
0.02407053
0.016822305
0.014420332
0.013861516
0.009951794
0.006338504
0.0064359433
0.0047895885
0.0032774515
0.003132305
0.0017604982
0.0019241266
0.0014568024
0.0011782724
0.0011087392
0.0011318027
0.0012488883
0.0011221418
0.001251315
0.0015403325
0.0016489123
0.0017554766
0.0018974049
0.00218504
0.0028364933
0.002460218
0.0027636662
0.003991628
0.0049295668
0.0039991727
0.0029326668
0.0031587759
0.0036685942
0.0021063294
0.002604291
0.001951042
0.001424163
0.0012753438
0.0015821289
0.0011922097
0.0010674233
0.0010709347
0.00091498153
0.00078385096
0.0009727603
0.0009277062
0.0009447613
0.0011516634
0.0011494281
0.001424882
0.0016954764
0.001829407
0.0033715006
0.0028237577
0.0035274823
0.0036737567
0.0040283264
0.004618424
0.0039722677
0.003417604
0.0047888365
0.0050629782
0.004515842
0.0059004086
0.0066535342
0.0061567747
0.005125798
0.0064679985
0.008511894
0.006417051
0.005384215
0.0055456525
0.0077514243
0.0053658886
0.0061407806
0.0061220643
0.0065150135
0.004904512
0.004189877
0.0065807593
0.007660218
0.0058716564
0.0060319155
0.00998531
0.007543899
0.0073857005
0.018344866
0.038342346
0.06361752
0.03451003
0.062097594
0.09420164
0.05099876
0.06237149
0.079223156
0.07274165
0.0554707
0.07291797
0.087845564
0.05791827
0.055679757
0.042593032
0.058750924
0.03877679
0.037023924
0.03995346
0.028491033
0.025760522
0.020412197
0.023006475
0.021244606
0.023186715
0.027950149
0.029388644
0.018381516
0.019146366
0.022199914
0.024093928
0.010511644
0.013940718
0.010327705
0.0084440615
0.008621826
0.010327636
0.0069389697
0.005725489
0.0074465857
0.010544926
0.0060712285
0.0064987717
0.009976781
0.011145102
0.0066341893
0.006004513
0.0076529975
0.004248765
0.0062947026
0.006276403
0.0055495617
0.003789549
0.0029631527
0.0024793125
0.0021758883
0.0022446658
0.0030206665
0.0019011083
0.0018379915
0.0018868309
0.002223092
0.0019282142
0.0021686277
0.0021005364
0.002558273
0.001910256
0.0018590073
0.002290928
0.0018476221
0.002114872
0.0027882208
0.0034949305
0.0032340505
0.0026873425
0.0033239943
0.0031737748
0.0026477391
0.0028874974
0.0032009021
0.00343036
0.0036449546
0.003895328
0.005654308
0.006889938
0.006186619
0.007909955
0.009180919
0.0101689715
0.009927534
0.010225204
0.0123280855
0.010577748
0.00936296
0.0105845025
0.014231988
0.008518525
0.007878451
0.008607735
0.0076804343
0.008959755
0.009766074
0.0122594675
0.021166874
0.016645515
0.019749328
0.024583697
0.029895611
0.033785164
0.029710457
0.04133097
0.03548439
0.03848648
0.043948133
0.03092846
0.03769551
0.034547534
0.035958618
0.033122182
0.034632098
0.035802558
0.032788
0.030583026
