0.059834942
0.10045877
0.10073391
0.07752554
0.09837295
0.0513078
0.03868247
0.051427376
0.060340993
0.053605594
0.036277477
0.041364808
0.024081463
0.023641514
0.022439025
0.022013716
0.030298898
0.020548422
0.017928524
0.018148946
0.010828159
0.009643716
0.014424189
0.009540596
0.0068919812
0.0055259857
0.0064494465
0.0059944317
0.004773036
0.0048006317
0.0046661966
0.004254268
0.00519006
0.0048804474
0.003120437
0.0030851967
0.0041661947
0.0029581785
0.007933006
0.0071913432
0.007843838
0.009918978
0.009935842
0.01364096
0.013485215
0.037691563
0.06262775
0.03290329
0.07440351
0.10257733
0.15120988
0.13517797
0.21531014
0.24686602
0.2630289
0.26602343
0.23257077
0.3345162
0.20662221
0.17416975
0.26054752
0.20544747
0.18369444
0.23216109
0.19147204
0.20273368
0.14752024
0.19516982
0.22504987
0.16617998
0.17009158
0.19987215
0.16932324
0.18586417
0.17688036
0.17777553
0.17900585
0.18069653
0.17271675
0.19903846
0.18505871
0.17161971
0.2046837
0.24213032
0.18748102
0.20806319
0.27243114
0.31139413
0.16774286
0.2189279
0.19192395
0.31183594
0.21134351
0.20103449
0.1743064
0.23661637
0.20505856
0.16895565
0.43705198
0.341161
0.22583702
0.20383735
0.26254365
0.49534616
0.15509716
0.24742973
0.20529217
0.2049805
0.23805006
0.30517134
0.26685306
0.18522641
0.25093737
0.28480965
0.24860623
0.14454114
0.27724737
0.38942742
0.14380151
0.107842505
0.2170338
0.17580101
0.1315617
0.15336017
0.116742864
0.117599055
0.10077099
0.08078719
0.05177175
0.04416053
0.042028114
0.024894444
0.02646091
0.020829761
0.015886594
0.022730412
0.013391627
0.0124722505
0.011468872
0.012580329
0.015699465
0.021887463
0.035760112
0.05649156
0.05612078
0.066574104
0.10446778
0.14644167
0.15236874
0.15497854
0.18674918
0.22837676
0.19706787
0.15344106
0.21691637
0.1496884
0.16839717
0.19517368
0.15128988
0.13439484
0.124988854
0.14654097
0.121971495
0.07764634
0.11960082
0.2751511
0.09467137
0.14264755
0.12630004
0.10739862
0.034822214
0.049140237
0.055882435
0.022431495
0.025586152
0.016741406
0.023946874
0.010763314
0.013305225
0.021609839
0.015404325
0.011830071
0.013480401
0.012131262
0.01578685
0.013396895
0.019884566
0.01648846
0.017072998
0.021008886
0.025517918
0.0225548
0.02610372
0.044478003
0.036168955
0.032083865
0.042375315
0.044599365
0.07848702
0.08244621
0.08826584
0.10813868
0.10981249
0.09796701
0.08454183
0.09482134
0.10703791
0.08635281
0.07882005
0.06581189
0.07380001
0.072697304
0.06406926
0.07173964
0.075091615
0.069599465
0.062194727
0.07241625
0.07712545
0.07155878
0.065446496
0.079660095
0.067751035
0.08850674
0.08685471
0.11269605
0.098835915
0.09179148
0.10519173
