0.051885635
0.08687109
0.08067759
0.08411483
0.0800378
0.054582737
0.03832199
0.03981932
0.04203643
0.050362002
0.03579227
0.02181851
0.019828614
0.027225072
0.019398946
0.019818608
0.027958222
0.028658735
0.031125018
0.02217457
0.011801281
0.016321216
0.014710081
0.009677526
0.0116865365
0.015971206
0.018684315
0.016687168
0.016018907
0.016743353
0.009458025
0.011520817
0.010418943
0.0096078
0.011079258
0.012133989
0.014920184
0.019351201
0.031316705
0.031124946
0.025107967
0.030837866
0.04428464
0.02167756
0.018433684
0.03904543
0.065690726
0.04329075
0.10269722
0.084390126
0.13181621
0.13403645
0.24866068
0.2068651
0.2420652
0.30517185
0.23380244
0.23621216
0.19495048
0.17136776
0.20126984
0.18617487
0.16258405
0.20435841
0.14739323
0.1867273
0.16879272
0.18006018
0.19743828
0.21231766
0.24429387
0.24550332
0.18952687
0.22664377
0.21910673
0.2297866
0.21348704
0.2333532
0.20804805
0.23241746
0.21964219
0.1910082
0.24046922
0.31473753
0.18415812
0.2152243
0.29596356
0.31866077
0.172572
0.27303496
0.18414047
0.30581418
0.23394263
0.19187248
0.13097137
0.28133965
0.43949825
0.19807968
0.4635774
0.6420839
0.744617
0.27664596
0.43475577
0.7176485
0.2775927
0.25950748
0.22627935
0.42654088
0.30816618
0.317236
0.35848707
0.26275575
0.28162467
0.24196675
0.2744779
0.15291192
0.17814164
0.26522496
0.1223017
0.09127073
0.19373894
0.19991705
0.13354298
0.12205087
0.0985821
0.124982536
0.08046279
0.057449237
0.036280513
0.03573661
0.015091703
0.012775698
0.010580892
0.004694835
0.0042256988
0.006607316
0.00642799
0.0049462514
0.0046773963
0.0048357877
0.0059832814
0.0066707414
0.010490843
0.01732052
0.023234164
0.04078113
0.048267398
0.05664245
0.08604173
0.10295478
0.10017123
0.099286065
0.085355744
0.10977458
0.185834
0.13866106
0.11202309
0.097240984
0.19127013
0.11747382
0.11220614
0.108728744
0.09335927
0.06798601
0.08062438
0.073720716
0.05550891
0.026264666
0.037218783
0.039581645
0.01758245
0.015002828
0.017327914
0.011341535
0.005960871
0.011152224
0.0068598324
0.0062184567
0.0041695572
0.0047668475
0.0042522363
0.0043346
0.0049970965
0.0044086333
0.0032629443
0.0038797376
0.004551579
0.004223971
0.0040662005
0.0064550284
0.005232588
0.0059168553
0.00446584
0.0040465016
0.007119807
0.0106503405
0.012757795
0.013014309
0.012118674
0.012595144
0.015199616
0.016550172
0.018885266
0.016203593
0.020874497
0.025841197
0.027750084
0.028847268
0.034153834
0.03008503
0.035484273
0.039595336
0.050248556
0.028420098
0.031204462
0.049716283
0.051242154
0.055644844
0.07227215
0.14859813
0.08804383
0.075265765
0.14883736
0.12784602
0.11566721
0.10748767
0.11664921
0.09939664
0.10897545
0.11748371
0.18662526
0.12530379
0.08913984
0.11897053
