0.09878955
0.12593082
0.11865107
0.24493304
0.28257096
0.34919268
0.43693724
0.4012854
0.37392506
0.31689295
0.28763342
0.33475503
0.3036907
0.29410848
0.5095157
0.2570092
0.29391658
0.18382406
0.22398458
0.25685033
0.21733996
0.19466999
0.2233293
0.18567985
0.2131011
0.198021
0.19937645
0.18625976
0.17326316
0.17048572
0.185953
0.18168472
0.16672754
0.19291279
0.20040789
0.18978582
0.22291334
0.27816814
0.34849736
0.21200427
0.29942337
0.22429387
0.25587225
0.23696338
0.21751758
0.24674717
0.27531946
0.32072
0.28197265
0.59272456
0.477704
0.3869392
0.28923398
0.43415916
0.6954523
0.31567922
0.28498682
0.22674538
0.2536925
0.3455909
0.38498777
0.31289214
0.24538083
0.2870979
0.3651002
0.25656632
0.17670655
0.23422177
0.3212028
0.18474755
0.17452677
0.22927532
0.2632936
0.2105673
0.1713531
0.1816972
0.25079408
0.18563908
0.138426
0.10159993
0.09151307
0.07885225
0.055226225
0.06493205
0.05632818
0.03231107
0.037174843
0.034511495
0.047546912
0.04819755
0.05493569
0.042297814
0.032636277
0.04265174
0.043000896
0.029980015
0.06430399
0.061097696
0.09558092
0.08492016
0.11504316
0.12736057
0.109522134
0.14914031
0.13163722
0.14621367
0.15683931
0.13967912
0.16284607
0.14319915
0.16425565
0.15998541
0.19175066
0.1279089
0.11178617
0.0998688
0.1700997
0.08277551
0.07656656
0.034240942
0.044799723
0.037284024
0.021662882
0.02661079
0.022831172
0.018083526
0.011509186
0.019086022
0.013919222
0.010688588
0.01817751
0.039894097
0.019653212
0.019319693
0.021940067
0.020106182
0.017915549
0.019732157
0.021910116
0.019498803
0.020281477
0.03739214
0.028177304
0.058689274
0.10375714
0.0868045
0.036487244
0.1245587
0.09287811
0.061445467
0.081506535
0.071462154
0.05408267
0.044460192
0.07363809
0.05063112
0.107113846
0.08691032
0.09803424
0.09264892
0.098759115
0.11512467
0.12879246
0.16049182
0.2395976
0.23540135
0.24165662
0.18665779
0.18196067
