0.079590626
0.17586438
0.16431464
0.24891737
0.20899788
0.20690207
0.22538681
0.26204246
0.27996007
0.22778606
0.2304056
0.24894382
0.13438517
0.13895878
0.1147877
0.12849924
0.19415009
0.08466587
0.08799549
0.07548593
0.07220756
0.076640196
0.07276011
0.059707396
0.0689033
0.036091622
0.019227594
0.018269349
0.034759928
0.021983964
0.017425291
0.025987238
0.028132448
0.03440753
0.03238622
0.026945177
0.02369064
0.019596534
0.017715866
0.011947046
0.013686677
0.013454686
0.013243189
0.01583656
0.022688948
0.020784594
0.016879601
0.015381185
0.0188653
0.0151951695
0.011226116
0.03088777
0.04955265
0.0313345
0.07097334
0.11719086
0.14272349
0.15153056
0.267498
0.2609864
0.25540805
0.29834124
0.27013868
0.26027778
0.21421607
0.18279488
0.26783982
0.19952382
0.17972577
0.23835455
0.16796224
0.19811903
0.13350618
0.14389533
0.18551026
0.17872079
0.18418798
0.19289449
0.19185211
0.21780002
0.18634683
0.19357502
0.22703642
0.2822416
0.23755625
0.29665732
0.2399718
0.21809937
0.23576647
0.26108935
0.21292475
0.28585124
0.29313853
0.34657508
0.20437595
0.43827206
0.22396414
0.29750267
0.24954408
0.21692209
0.11190885
0.19690163
0.26774815
0.19106878
0.29995933
0.48742265
0.83916813
0.3108522
0.41249877
0.75375384
0.369523
0.30529657
0.24534895
0.44028437
0.31737816
0.31089208
0.35130864
0.25580925
0.24884072
0.25815967
0.28868163
0.18421379
0.2098259
0.27657175
0.17608112
0.15390152
0.22737966
0.1948277
0.16575506
0.15542391
0.1245846
0.12101879
0.1078353
0.07599947
0.049579922
0.047674872
0.04475583
0.03218525
0.02011089
0.016299136
0.013814138
0.015473153
0.01341788
0.019191705
0.021251835
0.013751597
0.011848302
0.01812624
0.022140786
0.027465316
0.020700023
0.03172693
0.04474672
0.04040674
0.067034945
0.051031977
0.06595169
0.08350355
0.070273034
0.08130473
0.08385019
0.117733724
0.08534145
0.09447224
0.11194227
0.08258676
0.072683424
0.07016837
0.059421107
0.038893495
0.028255202
0.04269017
0.035230692
0.021863425
0.028852731
0.025996337
0.019428402
0.011982299
0.015891597
0.011274394
0.006408957
0.009062314
0.010161803
0.008107792
0.0054170587
0.0067136465
0.006057384
0.005616472
0.0048344913
0.009042723
0.008821581
0.007460951
0.009730543
0.011363177
0.010702766
0.008779275
0.013332214
0.01398143
0.010390487
0.014743387
0.018287899
0.020546531
0.022879956
0.02812701
