0.09909684
0.22965148
0.21427524
0.4088876
0.30562958
0.28540525
0.30274493
0.39753583
0.38079992
0.3170097
0.2959931
0.31035087
0.16791569
0.16373944
0.13536519
0.18096127
0.216794
0.09084156
0.08743653
0.08631509
0.091869704
0.06344518
0.051111594
0.05524924
0.056851093
0.029809741
0.016851572
0.020881731
0.02718267
0.015875453
0.014911139
0.017693484
0.013569391
0.016622849
0.01925532
0.013855887
0.011208077
0.009833324
0.007544056
0.006131818
0.007535756
0.007712886
0.008640203
0.011150937
0.019164212
0.018348584
0.014784561
0.016520489
0.01855139
0.016361993
0.013261459
0.04032997
0.054387767
0.034545068
0.09329376
0.15866856
0.17942792
0.21021138
0.5122285
0.287915
0.29403627
0.3541495
0.23869856
0.2292336
0.21358387
0.18409331
0.2041387
0.19538538
0.17205755
0.21199058
0.15719192
0.19630553
0.14490798
0.16473463
0.22053804
0.21077166
0.1985825
0.21957044
0.21301489
0.27317217
0.22681984
0.22009432
0.22852807
0.26336965
0.2446836
0.37225088
0.21008497
0.1908927
0.21259767
0.23058353
0.17259096
0.21485758
0.26189372
0.28820422
0.16134523
0.34887716
0.20652452
0.3013505
0.24845773
0.2061235
0.14078157
0.22405183
0.29184514
0.2200716
0.4626022
0.588205
0.83810467
0.34078506
0.43096882
0.7520777
0.41604623
0.3131974
0.23140387
0.43309346
0.3169569
0.29114687
0.3401254
0.23604327
0.23800749
0.24653049
0.26967132
0.18054907
0.2154657
0.2630916
0.16594486
0.15314005
0.2270198
0.19785386
0.1758823
0.16298757
0.1491963
0.12559204
0.1113151
0.08240071
0.05422369
0.050939437
0.045743644
0.04151334
0.025929015
0.020808823
0.016180001
0.017241476
0.013182013
0.015163713
0.01723171
0.012855764
0.011112164
0.015012773
0.019463472
0.032640446
0.025363212
0.034225523
0.05866162
0.044065464
0.05381936
0.06857891
0.07248111
0.0868796
0.073986046
0.09170027
0.10372966
0.13233218
0.11764285
0.13634592
0.12882964
0.10560074
0.09987308
0.10555921
0.084230535
0.061155595
0.058988106
0.087799184
0.07507043
0.051344324
0.07110034
0.054507196
0.041850567
0.030903831
0.04371398
0.025706533
0.011172298
0.019214272
0.019395048
0.01295825
0.007996652
0.011286046
0.010205259
0.0081128245
0.008489597
0.012029426
0.012600786
0.0105562555
0.014973606
0.01956208
0.017873716
0.012150043
0.0203061
0.027165892
0.019412857
0.031182384
0.0617634
0.044350605
0.047659803
0.05711139
