0.043840967
0.13233808
0.15598796
0.13794653
0.26692545
0.18846062
0.16367853
0.17066273
0.26093388
0.26805776
0.15689133
0.14764644
0.15597132
0.080746405
0.052033
0.07204836
0.0881704
0.07793541
0.034930136
0.026198223
0.020208253
0.018614631
0.017692367
0.011506288
0.015598146
0.009234317
0.008699755
0.006854478
0.0037398469
0.0054926416
0.0039167055
0.0049073403
0.0031967515
0.0037549927
0.0044522923
0.0056187045
0.005480262
0.0034621104
0.0028469122
0.0026035183
0.002797228
0.0024124715
0.0020052332
0.0019780942
0.0017457022
0.0016307088
0.0023732428
0.0032526103
0.0036350663
0.004361131
0.0066602975
0.0041024163
0.0042794175
0.007994307
0.024822595
0.015527115
0.031175872
0.050939046
0.08998915
0.10516781
0.24205026
0.1662163
0.21943708
0.25010788
0.174923
0.20542493
0.17752932
0.15641849
0.15969077
0.17346135
0.16780719
0.19864337
0.16421287
0.20210452
0.14902994
0.15692824
0.24981715
0.20282158
0.17707849
0.19791754
0.19957787
0.20719005
0.19868
0.19707938
0.19116195
0.1952422
0.19580118
0.22324853
0.20901474
0.17308423
0.20318756
0.26500624
0.20318902
0.20962672
0.36623535
0.3543515
0.17026111
0.1456925
0.21377286
0.28169918
0.15171358
0.16636166
0.23134477
0.23190704
0.17779303
0.1761061
0.6922336
0.47345594
0.34643736
0.3513406
0.6555872
0.6627232
0.18082027
0.24586385
0.189972
0.18854754
0.22148393
0.26386192
0.2627636
0.15916817
0.2223952
0.25997877
0.21075548
0.13920966
0.18284957
0.2355658
0.11739183
0.102640405
0.17809238
0.1520806
0.120373406
0.13088383
0.09584823
0.11081114
0.086821966
0.061516553
0.037367225
0.036980037
0.04575443
0.029670758
0.04029455
0.03407129
0.05080935
0.061624393
0.029563412
0.028768606
0.054823633
0.040763542
0.043483652
0.06872485
0.10728197
0.10980954
0.123323634
0.13489227
0.1491929
0.18534817
0.15169059
0.16009001
0.12653698
0.14317426
0.14779317
0.15227845
0.10367944
0.13870151
0.13814415
0.12104631
0.102722846
0.092258036
0.069446646
0.057332307
0.03726448
0.048631478
0.038837887
0.030243719
0.021239232
0.02184087
0.02345948
0.014502877
0.025118882
0.014168483
0.010955851
0.010350597
0.008677922
0.011900239
0.008552341
0.017887298
0.013034806
0.014505516
0.015547472
0.018150527
0.019424198
0.023320384
0.022633588
0.03252566
0.025488056
0.027390344
0.032364026
0.04938094
0.044009037
0.05523267
0.07144324
0.07105667
0.055683464
0.06819513
0.078629926
0.088319816
0.0881031
0.13127705
0.14134605
0.16105272
0.14801341
0.14525913
0.10686129
0.14774075
0.1860878
0.2766115
0.14283344
0.20719291
0.2699469
0.24691567
0.24230419
0.2018172
0.21351586
0.14358577
0.17447141
0.19633849
0.17524302
0.1446758
0.20301656
0.17830555
0.20293757
0.18596795
0.22519429
0.16737996
0.121225715
0.13821761
