0.04940795
0.101270236
0.09082176
0.09497641
0.0889434
0.07088005
0.05280603
0.082063496
0.07248473
0.057619903
0.031695727
0.022841759
0.016277285
0.018114371
0.021888044
0.02181853
0.03426806
0.033523057
0.035625007
0.026654536
0.013275867
0.018608682
0.011403552
0.013470885
0.01161266
0.01384389
0.017347297
0.02182539
0.016993504
0.024559718
0.011497647
0.01462337
0.0131514445
0.007519131
0.0072710095
0.006421205
0.0067354953
0.00655557
0.019090496
0.010420846
0.012587373
0.012364776
0.013781521
0.010507146
0.012980646
0.035459545
0.061636243
0.036577035
0.07271899
0.08136062
0.12407748
0.12532587
0.2402113
0.21954681
0.2536577
0.2563839
0.21670562
0.27189538
0.20113292
0.16644478
0.1904416
0.19013587
0.17815515
0.21586555
0.17567554
0.20701413
0.15893136
0.17733705
0.22492781
0.20978577
0.20037542
0.20988992
0.19470434
0.22817856
0.23607527
0.21418242
0.18660522
0.19921562
0.21032861
0.21950756
0.20153274
0.19829924
0.23860206
0.24640341
0.16626379
0.22056454
0.36453196
0.26362583
0.13316625
0.2167099
0.16960572
0.25671107
0.19567384
0.25245184
0.18041316
0.23259737
0.24397421
0.17273739
0.31598622
0.3074338
0.23728974
0.241164
0.40345892
0.515462
0.15790671
0.24898887
0.20273691
0.1924242
0.211676
0.34716564
0.32352507
0.17010501
0.24366993
0.38829848
0.27319553
0.14823472
0.25178
0.30227715
0.13206518
0.10350672
0.2035875
0.15657526
0.10277718
0.11556628
0.0896188
0.08132065
0.064877056
0.055447295
0.02966185
0.020482661
0.025934618
0.016189378
0.01414043
0.014185703
0.012501621
0.013892152
0.008152018
0.007579644
0.014391349
0.010021785
0.013353722
0.019131696
0.02939546
0.037586465
0.03874573
0.07468436
0.059247714
0.07723428
0.09306058
0.07117668
0.07010533
0.07908625
0.08898498
0.096711755
0.086041264
0.10458386
0.0949412
0.10966704
0.100794725
0.09318145
0.07986124
0.10270959
0.06711726
0.06041715
0.04330511
0.053485285
0.06388474
0.03523747
0.054058965
0.025764402
0.024233518
0.010904549
0.0268091
0.01129501
0.00753638
0.011672787
0.0075018993
0.007646529
0.005128374
0.0063138385
0.006167139
0.0068586473
0.005998948
0.0058302325
0.007080886
0.0074294633
0.007972121
0.007986955
0.010096009
0.011849754
0.014456451
0.018615955
0.018689195
0.020428974
0.03499481
0.0262306
0.022489296
0.028331239
0.033888143
0.035622533
0.0312684
0.046062473
0.042940244
0.037690163
0.029559117
0.026755534
0.02637839
0.02468367
0.022036755
0.020589383
0.01840881
0.02930283
0.031135976
0.03580539
0.03214981
0.028163636
