0.032298516
0.07035741
0.049112614
0.10180595
0.104866326
0.07111126
0.052585922
0.06262931
0.07646144
0.07564838
0.07059532
0.03879693
0.03785974
0.05013276
0.05477042
0.06909903
0.11751431
0.07988139
0.11317518
0.0812954
0.047086947
0.075985
0.050746627
0.08209833
0.054579
0.053567987
0.050478846
0.057466697
0.044931233
0.0602236
0.02699467
0.036507886
0.032258153
0.023279713
0.022692988
0.022344133
0.030220583
0.03815632
0.05750899
0.044445585
0.03345564
0.03505649
0.041307453
0.017579954
0.016603032
0.037841886
0.078309566
0.04513065
0.07332478
0.101267844
0.16132097
0.15434271
0.28088242
0.24497774
0.41724473
0.3323953
0.25556314
0.34971306
0.25945497
0.17007142
0.2357876
0.20761916
0.2003675
0.21499963
0.17589252
0.2074036
0.15392211
0.17480145
0.23877305
0.25608444
0.21536735
0.20660694
0.20661712
0.2237106
0.22102608
0.21423408
0.20808485
0.21415673
0.20881118
0.24434277
0.19469225
0.15630578
0.20391457
0.2268099
0.14771774
0.20493333
0.2828344
0.29989687
0.15631507
0.30909723
0.21683902
0.26717922
0.2310464
0.1867922
0.120794095
0.23333108
0.278422
0.17472652
0.44435516
0.48046762
0.7693626
0.28376883
0.45110705
0.71704024
0.25148135
0.3170254
0.14855303
0.27300462
0.37385145
0.42835334
0.31961286
0.24335532
0.39156893
0.4134338
0.3401676
0.17378934
0.27625275
0.3406281
0.1401181
0.14996468
0.21797515
0.19212718
0.13975464
0.16862436
0.13238503
0.17408395
0.13848439
0.09365809
0.062101506
0.064389534
0.040941417
0.030461777
0.029159319
0.012621995
0.011584939
0.02946967
0.023492372
0.021271423
0.017976174
0.022104146
0.019388383
0.020826174
0.02955128
0.025545646
0.03551755
0.058329415
0.060644463
0.0895541
0.08681652
0.08989126
0.10037966
0.10185942
0.10326148
0.12445276
0.1519568
0.12726834
0.11570426
0.14449154
0.13686657
0.14111024
0.14326023
0.12818332
0.120551005
0.11875451
0.090992115
0.08285523
0.054700106
0.07189378
0.07757373
0.05770117
0.07500848
0.04035358
0.032015216
0.019759716
0.030696964
0.016576659
0.008835266
0.010444149
0.011131929
0.013872379
0.010250682
0.011119784
0.00722763
0.0077101565
0.0054487917
0.0079329265
0.0065924786
0.0069547663
0.0083927745
0.0078599
0.008780358
0.011834409
0.017146138
0.02204541
0.024158977
0.01888441
0.01740959
0.01572763
0.018034026
0.021660667
0.023428269
0.019513385
0.0363767
0.037003987
0.046915524
0.056846894
0.061817966
0.060019415
0.08104617
0.16774137
0.15802827
0.11994503
0.14450528
0.22412357
0.18429863
0.16756976
0.24934049
0.20213568
0.12975192
0.122453965
