0.019821072
0.04325581
0.025496192
0.03330377
0.038924824
0.027245827
0.02370761
0.026224647
0.027959662
0.024211485
0.01615752
0.013699378
0.01161583
0.018366009
0.02559765
0.028292421
0.03460791
0.02648877
0.030238768
0.026363233
0.014572495
0.027092922
0.017957184
0.021301722
0.018196838
0.01643943
0.01839409
0.025041291
0.025663374
0.035925176
0.01534524
0.016148522
0.016315483
0.01081115
0.009552255
0.009317536
0.012610555
0.013145924
0.02397272
0.021373924
0.019490471
0.020537559
0.018279742
0.017025786
0.01834885
0.027836746
0.043468997
0.040629417
0.07278019
0.08647038
0.13285528
0.14116557
0.23356965
0.19059002
0.24450338
0.24366458
0.21339674
0.22260363
0.21332923
0.17430772
0.22484644
0.18413748
0.2032702
0.23349883
0.18157084
0.21419804
0.18277459
0.19117212
0.23617558
0.2586954
0.22130036
0.21865477
0.20965189
0.2248905
0.22445527
0.23277147
0.22542924
0.21856292
0.20809056
0.2420813
0.20764942
0.17357506
0.21048735
0.2544958
0.17521764
0.20930304
0.26431906
0.3157016
0.20256197
0.28953344
0.24197267
0.382969
0.3343363
0.19458005
0.2046337
0.28556532
0.2740201
0.1878046
0.5461841
0.57351923
0.32466096
0.2696805
0.50541896
0.638756
0.16752617
0.276181
0.23442143
0.20303714
0.35070905
0.4384966
0.38729748
0.18575229
0.34743914
0.41516426
0.28214923
0.15535681
0.23590532
0.2718344
0.115562096
0.1457117
0.22059694
0.17510341
0.1287293
0.16046576
0.11752623
0.11189709
0.09733085
0.065397955
0.043824185
0.031233074
0.021992158
0.016805222
0.011762192
0.0076472526
0.007937179
0.012778434
0.011857695
0.012723031
0.01099965
0.008670229
0.0104916105
0.017355412
0.022661284
0.02407577
0.033383433
0.04857402
0.0477001
0.081924394
0.09069442
0.076422386
0.10352033
0.09833802
0.10056467
0.100440755
0.1309558
0.1580614
0.110268615
0.10437603
0.1458738
0.12746876
0.10656777
0.13280964
0.096497394
0.080115005
0.09076512
0.080768846
0.09647474
0.050769188
0.05297491
0.06542731
0.044299196
0.031939875
0.028402433
0.030473849
0.014726213
0.028204987
0.019196022
0.011899302
0.010632228
0.0102087315
0.013494467
0.00843163
0.012897487
0.009599034
0.009144499
0.008444393
0.009552151
0.009429629
0.009283363
0.010091007
0.008773052
0.00870605
0.010093274
0.012666209
0.016008072
0.013162452
0.013628564
0.01290099
0.01337727
0.015385388
0.019529821
0.031253207
0.0389125
0.03878777
0.047610268
0.062898256
0.07289315
0.086707026
0.089856334
0.12171724
0.1315096
0.15612571
0.17738873
0.20184012
0.19667074
0.28431445
0.23059317
0.11615629
0.1104325
