0.04783333
0.08126642
0.076779
0.08197627
0.08062381
0.05671474
0.04219284
0.04363
0.04879604
0.056753196
0.041795973
0.027346935
0.024115913
0.033234883
0.024319518
0.02481215
0.033918597
0.032029476
0.034467544
0.02568872
0.013377542
0.017805582
0.015698137
0.010399801
0.012359116
0.017097518
0.019534297
0.015934056
0.014060704
0.015329031
0.009300602
0.010006464
0.008907401
0.00872672
0.009339627
0.009802475
0.01275875
0.016026666
0.028650692
0.02968913
0.020608736
0.02621515
0.0346722
0.025025718
0.0180903
0.039566822
0.062224157
0.04270964
0.106138766
0.0872038
0.13211791
0.13476719
0.25351977
0.19299266
0.22887863
0.2773312
0.25073963
0.23067908
0.18855083
0.17011265
0.20068233
0.18305965
0.15705855
0.20344341
0.14702971
0.1860865
0.17007236
0.18204407
0.1996795
0.21349683
0.24809635
0.25291005
0.19147421
0.2253103
0.22219844
0.22657515
0.21070373
0.21519426
0.1902745
0.23944575
0.21450971
0.18790042
0.25853428
0.31652844
0.17876008
0.20205118
0.26620272
0.27020824
0.13856475
0.19068168
0.1576268
0.19699849
0.20116974
0.17291248
0.10664924
0.19985132
0.215629
0.17062533
0.35323668
0.48834628
0.66061807
0.23133725
0.3914076
0.70300335
0.2196663
0.2686974
0.21885489
0.29805598
0.27501705
0.29205292
0.3172339
0.23440409
0.268317
0.2804665
0.270951
0.15205441
0.21512455
0.2710301
0.11716851
0.091921635
0.20334667
0.17290841
0.12939706
0.13722497
0.0959573
0.12393146
0.0952794
0.06431509
0.0432761
0.036228478
0.02600099
0.021599667
0.016769443
0.008207686
0.008258489
0.015018867
0.0130528975
0.01244609
0.007033555
0.008293069
0.012304907
0.0146176275
0.023451876
0.030929592
0.043866124
0.053021956
0.053061537
0.06500763
0.094841965
0.10766181
0.107744366
0.0959604
0.0817386
0.0981005
0.16069275
0.12343931
0.114419565
0.11102289
0.1667917
0.13154638
0.12168892
0.115038864
0.1013737
0.07826891
0.1012061
0.08137948
0.061658543
0.034201417
0.04356127
0.047707938
0.021166874
0.032485213
0.019567925
0.011277409
0.0074098604
0.012384152
0.007506758
0.009961787
0.0050629806
0.00479299
0.004199198
0.0043760724
0.0050402535
0.003785274
0.0029698745
0.0036964724
0.00410878
0.003719759
0.0037287541
0.0063383873
0.005134447
0.0063029397
0.0052825967
0.0045032427
0.0072032036
0.010705736
0.013235402
0.013892773
0.01334525
0.013351505
0.016492367
0.018934727
0.018169342
0.015819771
0.01643163
0.017171228
0.017015941
0.014695561
0.019172603
0.017259575
0.019652367
0.024772216
0.032273
0.02113828
0.0230213
0.041715015
0.033963297
0.033721387
0.043131184
0.046955347
0.04843032
0.04270958
0.07247476
0.077380486
0.0707567
0.07128574
0.08005812
0.07136751
0.091325186
0.09619251
0.1795518
0.116813146
0.08330139
0.11366353
