0.0050771553
0.008098529
0.0079818005
0.0053897034
0.0066909045
0.0045626624
0.0034945884
0.004163143
0.005211637
0.008881613
0.0047306158
0.0055520176
0.0045192046
0.0037022086
0.0057396106
0.0050553936
0.0057493607
0.005236141
0.007104264
0.0061575137
0.0036334086
0.00556602
0.0070935725
0.010045918
0.006780086
0.0076465434
0.008693478
0.01620852
0.011764597
0.014558061
0.008095996
0.0074909013
0.009030109
0.0064138076
0.006126288
0.0073044514
0.008324493
0.007632402
0.017965326
0.008586135
0.0075966143
0.009008536
0.012279647
0.006135867
0.007793361
0.014180949
0.031027827
0.022610804
0.04859928
0.06348449
0.10096485
0.09638474
0.19604719
0.19753008
0.24182038
0.289726
0.23081298
0.25732943
0.21082132
0.19000268
0.25722703
0.21186838
0.19385415
0.27991578
0.17156468
0.19374786
0.13978583
0.16327985
0.20040034
0.17017221
0.17499821
0.21626143
0.17264049
0.1908759
0.18367597
0.17682275
0.18076843
0.1689
0.16063875
0.19838658
0.18306388
0.15998255
0.20508534
0.2271523
0.15738009
0.20647007
0.32828432
0.2930757
0.19389625
0.22839852
0.29304996
0.22457442
0.20157112
0.24228197
0.22039181
0.17435436
0.20788145
0.1882865
0.29008478
0.2817026
0.27001122
0.24144664
0.4005286
0.427893
0.14507507
0.23560393
0.23357514
0.21138367
0.2489049
0.32883474
0.31567752
0.16669677
0.23114821
0.26125813
0.19989794
0.1333542
0.18822597
0.22007208
0.112309024
0.12620564
0.1979776
0.1537365
0.11635843
0.13275944
0.092816785
0.09833084
0.0762902
0.06061595
0.027390813
0.024771111
0.021398526
0.016278293
0.010801307
0.008746446
0.005734144
0.0049796375
0.0055327034
0.0066368454
0.007081456
0.009791502
0.005539962
0.0066133183
0.007123816
0.01988479
0.0152608985
0.014829872
0.030778212
0.028901337
0.056102403
0.059794556
0.082338646
0.11063141
0.087138124
0.12780616
0.12091127
0.09663251
0.10263148
0.25038606
0.13146392
0.09797407
0.14749753
0.17871696
0.104246445
0.1252037
0.1133623
0.10548031
0.079287425
0.08457556
0.07119368
0.0434152
0.02833099
0.04809696
0.03546458
0.011348139
0.01532188
0.011559708
0.010355175
0.0052288114
0.008595736
0.004701716
0.003688934
0.0047807596
0.0043420563
0.0051301136
0.0041844193
0.0030128618
0.0032200622
0.0030186079
0.0029834344
0.0041966685
0.0043299785
0.0039133104
0.0045658513
0.005503075
0.006552583
0.007620467
0.01166173
0.02269763
0.0119512575
0.01094191
0.013705615
0.0132264495
0.013626711
0.014861177
0.025049347
0.016049007
0.014564465
0.02616734
0.031397
0.02417553
0.02084708
0.030601691
0.036682963
0.017205777
0.021033635
0.02843615
0.019621918
0.019988215
0.02254013
0.023870857
0.021656666
0.02049156
0.016209159
0.017663293
0.018180396
0.014336849
0.013015166
0.013668318
0.017367844
0.020506946
0.026447732
0.021609243
0.027366485
0.028476926
0.026335122
