0.11650687
0.24025764
0.23131143
0.42818463
0.3330112
0.30711454
0.31439236
0.35495418
0.35668954
0.27746797
0.2949104
0.33286068
0.1468538
0.1515761
0.1255446
0.15347107
0.22162578
0.08989637
0.094639
0.09042828
0.071853966
0.066145524
0.059504498
0.055361178
0.05436023
0.031203786
0.021051306
0.022076106
0.03095481
0.024078561
0.023944242
0.027843868
0.024029018
0.03156017
0.033831924
0.023674741
0.018299596
0.016851004
0.015113912
0.01122593
0.012290866
0.013194654
0.013851853
0.017877366
0.03232789
0.025353396
0.020121943
0.020696204
0.021492306
0.018033672
0.012958873
0.0373431
0.054244038
0.032407835
0.08470536
0.14069635
0.17943077
0.21948935
0.4100917
0.29611394
0.35482934
0.4212306
0.3053759
0.2989346
0.28472957
0.2179448
0.29160786
0.240824
0.2018395
0.2173739
0.1773045
0.19960615
0.15293877
0.16706455
0.21585506
0.18555051
0.19614774
0.21926145
0.17868346
0.22211602
0.23749118
0.19821116
0.17763457
0.25973243
0.2386148
0.21908788
0.21260603
0.202535
0.21453828
0.2363219
0.20134075
0.22907147
0.28868794
0.46092895
0.22874644
0.35113722
0.30358937
0.5756499
0.30097955
0.32056534
0.35363862
0.32016498
0.2666742
0.18693955
0.3754143
0.4176492
0.28958666
0.22718473
0.3645695
0.70080227
0.2615801
0.2819776
0.24625716
0.28225017
0.21875836
0.270343
0.3153127
0.20371075
0.2326387
0.26518577
0.2988058
0.17648639
0.25781533
0.32910213
0.19313395
0.16769356
0.2495538
0.21102516
0.1633669
0.15113835
0.12863523
0.113298915
0.101575
0.07278054
0.047132477
0.04399175
0.039195728
0.031104619
0.021711301
0.016139163
0.014678792
0.016554536
0.0142929265
0.021694908
0.029357838
0.018619187
0.020219369
0.036082402
0.046550255
0.060058996
0.04040896
0.0648634
0.07489034
0.06095034
0.104216285
0.07537977
0.07934182
0.08707982
0.08341729
0.095307566
0.080617845
0.14159232
0.103234895
0.10062402
0.10062798
0.08310621
0.082729936
0.06641082
0.063709535
0.06016976
0.038044583
0.045036893
0.042212192
0.032910954
0.036687747
0.027399288
0.035579413
0.023304868
0.016564546
0.020326067
0.020189917
0.013445865
0.009419844
0.0132316975
0.0110974545
0.01144223
0.009532651
0.015799532
0.014835057
0.015073081
0.01748205
0.017679732
0.014586663
0.011715872
0.022943322
0.02253615
0.012653893
0.021396628
0.02675125
0.025178269
0.028434345
0.034922052
