0.04355725
0.07617438
0.07224428
0.04884918
0.067888305
0.048762564
0.03255502
0.044384185
0.034484558
0.04153355
0.04861253
0.03577904
0.038997848
0.042152487
0.041629553
0.06204734
0.0684552
0.070567794
0.07186284
0.070864566
0.036915153
0.022748202
0.036968112
0.022836087
0.028465612
0.035517957
0.049176153
0.049864862
0.0427183
0.05562211
0.061481286
0.029836494
0.029659117
0.036216993
0.022138204
0.023833675
0.025253173
0.023366055
0.033976972
0.07548906
0.024577511
0.014731846
0.013655661
0.015929248
0.009309969
0.0121091725
0.027880523
0.05217419
0.039047256
0.07884519
0.08595099
0.10758582
0.10230431
0.16989197
0.14874122
0.18071876
0.20379639
0.21255936
0.25996903
0.18834323
0.18041283
0.20881566
0.18705785
0.18285438
0.2541338
0.1880618
0.21089765
0.16687131
0.20756403
0.34805647
0.32302955
0.3138537
0.21962881
0.19455951
0.23680572
0.2517984
0.18920562
0.17386803
0.18012616
0.17014854
0.17769597
0.17738679
0.18313242
0.20511015
0.19522321
0.1619708
0.19849631
0.32403153
0.22317134
0.13355522
0.1582469
0.22105795
0.32475114
0.26618195
0.23557103
0.22688495
0.20269376
0.27171248
0.17914611
0.4336759
0.400052
0.6593674
0.19814341
0.35186082
0.6374889
0.14528687
0.15182368
0.17432226
0.20137137
0.20847836
0.16065076
0.2965362
0.15708107
0.15429159
0.24877343
0.26465803
0.1314739
0.18075758
0.26132992
0.13421239
0.11003753
0.16630062
0.16166168
0.115735754
0.13553663
0.10432279
0.1003385
0.098262645
0.06471069
0.044999875
0.039027598
0.039209127
0.031730797
0.026720304
0.01567404
0.010343035
0.010500728
0.009030046
0.009411456
0.013450446
0.008567621
0.011026319
0.0131650595
0.019352686
0.04579377
0.018688634
0.025068022
0.030483669
0.047550585
0.058273885
0.09860929
0.077094875
0.09153378
0.06814121
0.08507235
0.06696101
0.13046943
0.08186818
0.06136022
0.07028316
0.07937934
0.07574648
0.07362592
0.15292512
0.07517674
0.049866963
0.045214172
0.042481635
0.031738576
0.020099053
0.028121652
0.030011898
0.014892807
0.018767282
0.012611915
0.009080724
0.007064264
0.009121396
0.006971321
0.0039690956
0.004107153
0.0034242643
0.0044293306
0.0034292191
0.0031716619
0.004072396
0.0035936777
0.004196842
0.003991899
0.0037694727
0.0039806515
0.004635149
0.0037312044
0.0046387645
0.0040782792
0.0051027997
0.004022421
0.004766049
0.006200343
0.008850035
0.009725977
0.0155091155
0.016670393
0.014629005
0.023312034
0.05860995
0.07248941
0.05557112
0.09598419
0.1333675
0.16091636
0.140407
0.19759686
0.14624001
0.14339307
0.1745451
0.13174467
0.08191468
0.08672716
0.07665435
0.07656785
0.066821605
0.057067763
0.049655948
0.035860956
