0.02032247
0.03172913
0.01901728
0.019253878
0.019326586
0.013872927
0.012031807
0.013755944
0.020360962
0.013695177
0.01258643
0.012539475
0.016085614
0.014275142
0.011093593
0.010659664
0.013030477
0.020894593
0.02160992
0.023040129
0.028551161
0.019804154
0.024926389
0.020781044
0.0075304518
0.010077787
0.009645101
0.013119746
0.010617025
0.01120805
0.016231986
0.021099305
0.019618772
0.016203228
0.016239556
0.019504327
0.017749887
0.014129892
0.023023682
0.018495467
0.02298222
0.02422857
0.054188635
0.04303953
0.025631461
0.036765143
0.05618889
0.03527678
0.035565376
0.13392754
0.10713961
0.08844287
0.16622701
0.14079447
0.19230674
0.15979607
0.22991866
0.16683346
0.2707891
0.28335014
0.17629375
0.22735356
0.1921422
0.14443217
0.24691819
0.2731466
0.20865992
0.24836087
0.25237304
0.29050097
0.18561198
0.2055849
0.27307528
0.26694182
0.215127
0.25607908
0.25180084
0.2768847
0.23248328
0.20630518
0.24572146
0.3331418
0.25218624
0.2900721
0.2725829
0.2572967
0.23119552
0.20449452
0.17917651
0.18892689
0.20333177
0.24088937
0.13331042
0.13537191
0.24914818
0.34953773
0.20992063
0.20102705
0.27616605
0.2566988
0.2663237
0.21926048
0.29529014
0.37583032
0.29693618
0.20436178
0.34052205
0.39280418
0.3220728
0.24273592
0.18131442
0.30507287
0.38796332
0.40093988
0.33769023
0.25937656
0.2739917
0.2890992
0.33896318
0.22828463
0.26225188
0.24266748
0.17115198
0.11153704
0.101013206
0.088402666
0.064333774
0.050120044
0.052762963
0.08269869
0.033297755
0.069213435
0.04767
0.04927474
0.051669337
0.04877683
0.03703215
0.027511356
0.034055393
0.04603524
0.037651617
0.034698576
0.036219325
0.052053493
0.03628643
0.021829719
0.021531632
0.026670337
0.021919161
0.018927969
0.014478214
0.012768952
0.014208994
0.013196517
0.013805618
0.015838692
0.009569752
0.012292186
0.012742279
0.0038800049
0.004803113
0.004812611
0.0057200245
0.0048498563
0.0037014491
0.005369295
0.006408529
0.006349425
0.003633911
0.0040229023
0.0038782416
0.0030756316
0.0028802399
0.0047577145
0.002865335
0.0035639515
0.005598488
0.01109377
0.009784819
0.007253319
0.009697458
0.012836027
0.0108499685
0.00897633
0.028523559
0.034518663
0.028674616
0.059067216
0.090997405
0.12173069
0.1130498
0.198125
0.13498062
0.22084378
0.22138011
0.14837405
0.20437545
0.1814278
0.12580068
0.21431784
0.22325335
0.16482314
0.1921202
0.19154511
0.21860495
0.13574326
0.1567919
0.21205077
0.17004733
0.14567225
0.1739362
0.15774503
0.12092495
0.12731995
0.1609924
0.17152682
0.21909025
0.15344542
0.19950661
0.18973957
0.17006847
0.16931315
0.17176788
0.16352405
0.15953833
0.18205382
0.20676745
0.11988369
0.119171694
0.2577551
0.45763257
0.21962062
0.18599465
0.29284137
0.23262809
0.2242139
0.17782931
0.32319444
0.32391176
0.257707
0.21813758
0.29868847
0.35447562
0.17926556
0.24495691
0.16473776
0.20861775
0.28048608
0.2039159
0.20568494
0.17653179
0.2131055
0.21637782
0.21975517
0.12915523
0.16768673
0.20693687
0.11565573
0.108980596
0.16962744
0.1361242
0.11008947
0.1404376
0.09935198
0.10921363
0.09031182
0.061759893
0.041323304
0.032765824
0.021897621
0.010885628
0.011448078
0.010902312
0.014991375
0.019637361
0.01160826
0.0108157545
0.009817894
0.01149517
0.011379704
0.012589423
0.024600454
0.02860859
0.046948094
0.030243874
0.049576778
0.045332205
0.043635033
0.05618186
0.0539657
0.052038107
0.086633615
0.06483129
0.07429172
0.08302206
0.10341749
0.085751586
0.066095516
0.11779707
0.049525663
0.031110842
0.056635994
0.036417387
0.05745812
0.028873328
0.06468072
0.052453663
0.016998706
0.029733574
0.018790804
0.013543465
0.009492144
0.009663735
0.0066707823
0.0069691823
0.006518206
0.010260982
0.0069151
0.0056885444
0.0061128163
0.007507095
0.0060376935
0.007900053
0.009213335
0.009577222
0.007250013
0.008943748
0.010053375
0.012214511
0.016161134
0.014694421
0.015048557
0.013394229
0.014648836
0.01797082
0.031317256
0.044205297
0.044915542
0.036374677
