0.026082903
0.05610162
0.04680331
0.035809472
0.05010527
0.039101828
0.032078434
0.032442678
0.030493902
0.02739558
0.013923849
0.014110581
0.012298261
0.02170657
0.021014782
0.024516016
0.035385657
0.041289575
0.049137473
0.018326815
0.03722941
0.03755855
0.033361293
0.026943015
0.026508663
0.027299827
0.03171722
0.029678734
0.045911852
0.016220074
0.021927208
0.018062394
0.0115603935
0.010069785
0.007836249
0.009191614
0.0062005576
0.018541567
0.01628435
0.010905496
0.012026576
0.015636358
0.012547868
0.011017679
0.023981793
0.04626578
0.031577725
0.06219951
0.08475324
0.14464024
0.13256595
0.24732715
0.20201284
0.25435632
0.21692093
0.25425094
0.24962963
0.2011768
0.17637242
0.24233508
0.19846132
0.1843824
0.2260357
0.1768489
0.20393969
0.16145858
0.17155644
0.22241314
0.18589649
0.17261991
0.20144401
0.19438982
0.2053469
0.1935228
0.20951419
0.20806675
0.19917183
0.1983342
0.2355192
0.20821129
0.17570716
0.21638814
0.2671647
0.20579128
0.24773765
0.3147353
0.35844046
0.1959165
0.3407955
0.24632518
0.31568062
0.25201893
0.20479771
0.14414877
0.24741668
0.2962037
0.19811548
0.4672647
0.50701725
0.7917635
0.3067144
0.46896774
0.7429346
0.27058107
0.337422
0.20476483
0.30748144
0.39079985
0.46702898
0.391956
0.28092432
0.37073177
0.43573862
0.38719794
0.20114939
0.31332237
0.38748762
0.19058295
0.17240824
0.25883266
0.20846926
0.17146143
0.17310746
0.12888071
0.15263875
0.12169873
0.07087694
0.044020597
0.04462188
0.028615266
0.02195113
0.019953778
0.009570268
0.013996663
0.016523402
0.016845033
0.018152602
0.010615863
0.010715405
0.008503162
0.01214006
0.012761934
0.014734323
0.021568108
0.031870507
0.03467616
0.044889446
0.060746223
0.06502905
0.06608782
0.067649476
0.066941306
0.09210879
0.12609276
0.08717632
0.16563857
0.09767745
0.11764735
0.118282124
0.106486395
0.21710134
0.18884036
0.13905777
0.21911801
0.1153634
0.157584
0.074868836
0.082580805
0.081575334
0.08210943
0.16835168
0.07228162
0.06680751
0.03540197
0.064256
0.03270362
0.018232115
0.044074606
0.028922826
0.029752564
0.01664529
0.01803195
0.011220338
0.008246074
0.009693186
0.020529887
0.010757198
0.013066141
0.013566328
0.013206176
0.012511366
0.010479267
0.022297181
0.013411538
0.00882221
0.010425755
0.012464013
0.0115416115
0.01445925
0.018009808
0.018929094
0.01679818
0.021688676
0.021667823
0.027193073
0.033465356
0.039284535
0.038067993
0.03770838
0.053154513
0.06595458
0.05199884
0.046454486
0.0596355
0.06534073
0.05572982
0.0890226
0.08329826
0.056159534
0.0643524
