0.029658707
0.05730935
0.08686356
0.087491214
0.084013455
0.118451804
0.12506135
0.19952022
0.14525072
0.14318107
0.13321228
0.07770042
0.051963765
0.066401035
0.08898574
0.07631419
0.09081562
0.089408904
0.109100215
0.121588975
0.17081901
0.15728517
0.1257821
0.13328062
0.10875108
0.100848176
0.09377578
0.10247554
0.07410881
0.0538521
0.055394605
0.026175326
0.017259868
0.024442706
0.021116773
0.027129056
0.01821814
0.023519
0.031118043
0.03710735
0.06710146
0.07796891
0.09859704
0.09274257
0.09807888
0.08709895
0.033875015
0.06665187
0.058893424
0.033583686
0.022748724
0.02348243
0.020938838
0.034023173
0.0255373
0.014159766
0.018033233
0.013761567
0.0114392685
0.009048857
0.008315039
0.008024916
0.009953523
0.00803627
0.017547019
0.017224606
0.011411704
0.015147635
0.016693272
0.009214875
0.011780379
0.036792118
0.07050741
0.036626536
0.07195202
0.09928926
0.13143888
0.14566809
0.17474316
0.22701998
0.26484606
0.22235107
0.17108013
0.24079643
0.19060902
0.10752301
0.1306211
0.181493
0.1429717
0.1539222
0.14333199
0.21894956
0.12099266
0.13993204
0.2147778
0.17352238
0.16872615
0.20239861
0.17337348
0.18569395
0.1753116
0.17852275
0.148336
0.18949403
0.17699397
0.20054805
0.18409003
0.16431431
0.20000157
0.2092318
0.19058923
0.18203895
0.30716303
0.37251756
0.18151258
0.22599283
0.19114588
0.22595692
0.17576429
0.1907273
0.18772529
0.2722095
0.26444733
0.19883655
0.6709506
0.50038373
0.3138002
0.29761434
0.50281036
0.6448139
0.15563571
0.21655701
0.17466883
0.19041777
0.2687945
0.29160005
0.33078143
0.15155604
0.28479078
0.29875895
0.24352466
0.14444497
0.24384737
0.2852921
0.1579426
0.14683984
0.18924782
0.21213645
0.14227866
0.12822
0.10744964
0.11038563
0.07834803
0.0629822
0.03448481
0.028497394
0.017827904
0.021696243
0.0118583655
0.01020237
0.0065385182
0.006548633
0.009049259
0.009066181
0.013682841
0.009526736
0.013360226
0.017283823
0.013048892
0.02049913
0.026187995
0.038172532
0.03556729
0.037708033
0.06676813
0.06443692
0.08716392
0.095708735
0.07667641
0.074868076
0.12689547
0.11008789
0.11629108
0.11313374
0.17350428
0.12057292
0.12636174
0.13576253
0.12614661
0.11516559
0.1127384
0.08739925
0.061101355
0.04023262
0.04872915
0.049507543
0.030172292
0.0436671
0.023914717
0.028865747
0.009993557
0.021230383
0.01299621
0.0069697793
0.012078739
0.00940527
0.0124573065
0.013381311
0.012055074
0.010382252
0.013691307
0.010357296
0.011335098
0.009704333
0.011411942
0.0077958945
0.016817076
0.017459286
0.017127601
0.023260105
0.027374001
0.029949844
0.037335526
0.043483395
0.03956535
0.037442304
0.049925696
0.0649271
0.06846465
0.06959693
0.09460678
0.101520315
0.10750871
0.099933974
0.09364004
0.09617962
0.11791936
0.12622577
0.11481406
0.10627659
0.090096205
0.085523
0.09290937
0.101469286
0.10085055
0.07957407
0.07189698
0.0781286
0.078203924
0.0704644
0.06037537
0.088481896
0.06817316
0.082320854
0.097017266
0.10094452
0.08832681
0.09914053
0.07238167
