0.053462274
0.08252161
0.05894323
0.037443027
0.059136134
0.039451122
0.04166817
0.04380902
0.0231998
0.03590459
0.044025674
0.030775964
0.018715851
0.019838098
0.024508912
0.044035047
0.06353542
0.07564982
0.082146235
0.08964071
0.054598097
0.02858677
0.06706198
0.04230577
0.067466095
0.07374391
0.10091409
0.12317687
0.12633021
0.12724756
0.16064243
0.03970582
0.040132117
0.048526287
0.029551255
0.03698207
0.031134823
0.0411061
0.047136374
0.08817816
0.048792936
0.031235741
0.033274863
0.028357124
0.020281855
0.024693292
0.046130348
0.07936052
0.05051018
0.09622193
0.11093783
0.14701998
0.12270432
0.18045935
0.17011447
0.25751555
0.25506264
0.19698837
0.2934888
0.23167144
0.1730662
0.21701202
0.18610612
0.20031993
0.24995579
0.18353833
0.21583831
0.16476284
0.20118959
0.27438283
0.27679724
0.2682403
0.2633905
0.21812269
0.24572344
0.3127695
0.23493324
0.20900925
0.21502921
0.21269666
0.21017878
0.18196446
0.15820123
0.17923185
0.18944836
0.10300224
0.16341226
0.27135384
0.2259306
0.12114486
0.28289577
0.29796556
0.29415777
0.27856138
0.26743215
0.21088552
0.2513248
0.36262882
0.19209877
0.32574153
0.4173666
0.6846417
0.21016757
0.33892962
0.6062774
0.22252035
0.21669857
0.24093418
0.35499224
0.27011895
0.30154675
0.5051575
0.24068457
0.22327334
0.31005347
0.29328993
0.14264797
0.19941461
0.3003205
0.15673609
0.12251009
0.19583327
0.18123055
0.14999953
0.18720464
0.101387255
0.1184773
0.13034275
0.07188288
0.038999513
0.02885177
0.024752066
0.013847314
0.009181401
0.006860671
0.0042068
0.0035350514
0.0038044727
0.0045393817
0.0041093538
0.003366283
0.004044782
0.004392245
0.0044865184
0.0064354553
0.004972691
0.0052582156
0.011479674
0.011614537
0.01046922
0.01708571
0.019000262
0.015278207
0.01603837
0.02035691
0.018277792
0.03413712
0.026967242
0.026195584
0.029859165
0.041685823
0.05055327
0.05240595
0.05681817
0.051800072
0.040923595
0.031904686
0.026531016
0.024066485
0.013435098
0.019919045
0.025846336
0.010430405
0.020248683
0.013515989
0.0106155975
0.0123646995
0.012431451
0.0118012475
0.0051533435
0.010117987
0.004921908
0.0053960183
0.00534976
0.0071788323
0.0051729353
0.006106374
0.0065978114
0.008026499
0.005883177
0.0102628125
0.011719153
0.009238432
0.0069280565
0.010815316
0.009535442
0.010929542
0.018506767
0.025015075
0.024610661
0.024716992
0.02343669
0.022098579
