0.11408248
0.23207036
0.22336899
0.4242112
0.31153175
0.30003968
0.31051758
0.34480625
0.34755877
0.27895528
0.2943485
0.33549032
0.15577187
0.16519639
0.12998207
0.16191345
0.22890657
0.0897228
0.092771925
0.09296501
0.07290335
0.065127835
0.05872761
0.051819246
0.04881824
0.02663957
0.017132804
0.017998308
0.025095526
0.020133078
0.020116331
0.023120722
0.020746509
0.02809943
0.028977491
0.021075139
0.016849622
0.0157645
0.013661647
0.010734105
0.0125913145
0.013631134
0.014813538
0.019357365
0.035227437
0.028151616
0.022629494
0.023361025
0.025123343
0.021499539
0.015333163
0.04248513
0.06000317
0.035765342
0.088515975
0.1423539
0.17892204
0.21353215
0.3868015
0.28161365
0.34026846
0.402025
0.28186977
0.28050542
0.2643815
0.20018373
0.271549
0.22486551
0.19338812
0.18836206
0.16799036
0.19498736
0.14562003
0.16747059
0.22939128
0.21555114
0.20704143
0.23372705
0.22306523
0.2615327
0.27408448
0.24448463
0.25470364
0.30745643
0.34699258
0.4147733
0.21467102
0.19893321
0.21725854
0.22528027
0.15877695
0.28293806
0.2810457
0.2788991
0.193425
0.43698907
0.22732449
0.29061458
0.28663057
0.21568435
0.1377606
0.19995065
0.2708469
0.20677657
0.31383592
0.404883
0.8337518
0.3116043
0.39887887
0.76033735
0.49537283
0.37698662
0.25754172
0.5584611
0.39635995
0.3566905
0.42070487
0.2967753
0.25859928
0.26098529
0.29712656
0.19033815
0.21001883
0.2774047
0.18331583
0.15339026
0.22717634
0.19591351
0.16183366
0.15127827
0.12212181
0.113579676
0.09985298
0.0721721
0.044261582
0.039910395
0.035353784
0.026485316
0.017996613
0.013175712
0.01264327
0.01352478
0.011160177
0.017452834
0.023327064
0.014615856
0.015298911
0.026340222
0.034856033
0.04728014
0.033362526
0.052623708
0.06827634
0.054625966
0.08746439
0.063535735
0.077086516
0.09165864
0.075097695
0.08099625
0.08297404
0.12580022
0.09334567
0.10264891
0.10121044
0.081401154
0.078679875
0.061471697
0.06257226
0.056450818
0.037926774
0.04389689
0.041277155
0.033671018
0.038585592
0.029444464
0.035639606
0.029846888
0.018463189
0.021157667
0.022212494
0.013523304
0.008956077
0.011487479
0.01082891
0.010770659
0.007158236
0.012614611
0.012589364
0.013494816
0.014237362
0.01716783
0.015516834
0.011030245
0.021396538
0.020497447
0.01238666
0.019401949
0.02264381
0.024480075
0.026743626
0.033556182
