0.02094758
0.04777614
0.07300853
0.06922436
0.07580979
0.08609268
0.10718003
0.14797735
0.14546317
0.16674434
0.13729726
0.15293443
0.18401377
0.15920216
0.12835766
0.13389774
0.11203604
0.11205532
0.08878276
0.09671787
0.13575344
0.12351432
0.14507647
0.13943323
0.15031798
0.15836717
0.2035114
0.19726121
0.2264231
0.20640263
0.15341641
0.18060455
0.20079976
0.1837504
0.2508284
0.1641122
0.076359205
0.08180147
0.06849502
0.04419819
0.031796087
0.040822767
0.052058835
0.042619858
0.042327568
0.032369174
0.021476898
0.020944744
0.031878747
0.023746908
0.02332212
0.022413904
0.038566314
0.025767297
0.01210684
0.023794988
0.013426649
0.01715428
0.013887118
0.017935444
0.023160897
0.029292768
0.022049934
0.032904018
0.018831166
0.014748111
0.014332058
0.011763161
0.009198925
0.0062623457
0.015272406
0.009868951
0.006065454
0.006001391
0.0072315857
0.006996073
0.0072593135
0.011699387
0.029007507
0.013714855
0.032435793
0.07672093
0.07119082
0.09619473
0.22650927
0.21034333
0.2150109
0.21680383
0.1915289
0.19914462
0.16058098
0.14473931
0.16869089
0.16567783
0.152835
0.18408273
0.1511306
0.17120577
0.11631588
0.12093969
0.15207405
0.1261706
0.12624037
0.13082008
0.13606699
0.15723448
0.14704446
0.16287474
0.17010404
0.17478974
0.17199415
0.21212494
0.20009935
0.17891788
0.19863582
0.24390134
0.18997256
0.20147759
0.3356293
0.330858
0.19044705
0.28652143
0.27971858
0.32073998
0.22873592
0.2577018
0.24919827
0.26560068
0.24288568
0.1767833
0.4201272
0.34875
0.23961462
0.21783288
0.3783825
0.57171845
0.15138544
0.2332049
0.1954391
0.21356727
0.21470657
0.32443592
0.35384977
0.1610378
0.25252095
0.4023187
0.33212152
0.17462787
0.27852753
0.36765036
0.16782741
0.16060638
0.24503699
0.19315521
0.14583395
0.1707267
0.1319858
0.12984005
0.12399399
0.09237305
0.051340304
0.05066619
0.053223204
0.040482115
0.02642098
0.021929653
0.014728627
0.014716005
0.01512805
0.019182013
0.016456224
0.009738416
0.008690936
0.01197119
0.0117508285
0.018827455
0.016245097
0.026078349
0.031632844
0.037150975
0.0585932
0.044463918
0.05167685
0.05825228
0.07484896
0.064415276
0.06709618
0.12593172
0.093481064
0.07582017
0.08220924
0.10230383
0.08877172
0.08995546
0.094492435
0.08754934
0.08121228
0.1017804
0.056527052
0.041653533
0.028389923
0.037694644
0.040843755
0.023423074
0.044162225
0.022643188
0.019992007
0.010214867
0.02109961
0.011340213
0.00892054
0.0074012447
0.0069935923
0.0053913165
0.0044594314
0.0045666187
0.004022877
0.004879818
0.0032327506
0.0037340221
0.0030979218
0.0033239739
0.0034344739
0.0035183108
0.0039111734
0.0031224105
0.0041408683
0.0040321965
0.0046401806
0.004181585
0.006704311
0.010592819
0.008410476
0.0114218965
0.013046952
0.014085693
0.019216852
0.023150899
0.01594339
0.020879323
0.025443513
0.027230274
0.041040745
0.044673648
0.043734215
0.04922787
