0.0605653
0.1006763
0.09138284
0.07374943
0.093701765
0.060399123
0.05077776
0.072569795
0.051748373
0.07485658
0.08318331
0.059401408
0.038990203
0.044217307
0.038508717
0.059124034
0.07574484
0.074630134
0.07707497
0.0801031
0.04769083
0.028868206
0.044874363
0.024323717
0.02731898
0.023190519
0.030680694
0.03541959
0.029730009
0.039277513
0.05918359
0.024398176
0.018463856
0.023341833
0.013170704
0.012251433
0.011237178
0.013774317
0.013612515
0.027015518
0.014177803
0.010651113
0.01120228
0.011946186
0.0100859385
0.011244905
0.02017629
0.033157185
0.033999816
0.07375407
0.08440086
0.1576063
0.1468002
0.26394135
0.26676258
0.29315856
0.33190683
0.27316308
0.3393985
0.2630894
0.2095245
0.31197643
0.25322178
0.2628169
0.3072262
0.20523797
0.22778626
0.16448836
0.1844288
0.22678705
0.20892584
0.21695264
0.24166378
0.2064158
0.25457942
0.29188308
0.19971338
0.19282117
0.20226538
0.1963426
0.21145761
0.19970801
0.20256844
0.22138369
0.22502568
0.18669851
0.22005132
0.3472797
0.25407514
0.14866379
0.18397996
0.24601412
0.34495983
0.24045366
0.26196888
0.22549851
0.19862416
0.2365387
0.21446419
0.32542333
0.27952117
0.5183299
0.21556579
0.28455192
0.5247513
0.20310678
0.23807335
0.21756354
0.2549308
0.2598364
0.26100394
0.27491927
0.16833478
0.16534586
0.19053014
0.20021707
0.12733136
0.13737082
0.18031885
0.11066327
0.12791917
0.18107732
0.1869153
0.16456506
0.17430645
0.12942363
0.14843826
0.14779253
0.09162618
0.06323549
0.038571727
0.05405616
0.035701822
0.02123984
0.019944632
0.014499811
0.015794557
0.01965187
0.0245842
0.019738264
0.017126862
0.024697874
0.027246863
0.022017526
0.030158373
0.030338585
0.03638337
0.039536227
0.0401061
0.060936343
0.10875638
0.08028318
0.08823265
0.07349594
0.076186195
0.052908104
0.12447835
0.12141015
0.09797632
0.06411987
0.085567206
0.07290064
0.08277002
0.06198984
0.08748999
0.06097974
0.06329189
0.059371825
0.051429603
0.04045334
0.0634028
0.13452363
0.04731602
0.09947581
0.07909296
0.03835654
0.025647234
0.03851361
0.07624276
0.019184858
0.029287195
0.06760221
0.026199233
0.015316967
0.038182143
0.034840427
0.033106197
0.017825607
0.032671776
0.02297373
0.028735012
0.02765291
0.036537718
0.016486498
0.015855098
0.016432693
0.0106804175
0.017736997
0.01668109
0.03475575
0.032124273
0.027424816
0.03324982
