0.10193508
0.12988907
0.12472885
0.25803563
0.30099562
0.36128432
0.44969425
0.41533718
0.39013728
0.33410928
0.30160642
0.35215682
0.31423646
0.30313504
0.5210623
0.262115
0.29870203
0.19281206
0.234099
0.26802585
0.24005908
0.21949016
0.26348242
0.20831731
0.24207386
0.22412932
0.22371875
0.19213139
0.17803337
0.17832784
0.19072723
0.17757688
0.16306552
0.19204786
0.18969736
0.17470682
0.22162431
0.2971429
0.36338934
0.23307353
0.5357419
0.27534476
0.34929866
0.27728623
0.25085163
0.2750884
0.29495585
0.33752534
0.32440963
0.6223939
0.5155241
0.43892282
0.42255196
0.52998495
0.71448845
0.2958096
0.3012135
0.2295454
0.24174228
0.3259442
0.38443834
0.31592116
0.23757654
0.27752566
0.36596298
0.25969303
0.17074431
0.22945313
0.3155053
0.176758
0.16346657
0.21636134
0.24651982
0.18432555
0.15728839
0.16675821
0.17496791
0.14857614
0.12081771
0.08822128
0.08051319
0.07434644
0.047643855
0.056469146
0.042995874
0.028059842
0.03344921
0.025973782
0.03696852
0.04558601
0.04868631
0.04018382
0.031905938
0.03564785
0.04242486
0.033214264
0.06832732
0.06188994
0.097286664
0.09817862
0.1353418
0.14672753
0.13777578
0.17026812
0.1500601
0.1653328
0.16981295
0.15981913
0.17525971
0.16065545
0.1976116
0.19050802
0.21837692
0.150967
0.13823998
0.11572634
0.2152475
0.09776044
0.093254104
0.05248481
0.05493454
0.049197037
0.027986344
0.032657433
0.026782405
0.022069981
0.013325293
0.020011973
0.014133831
0.0104036
0.01400227
0.026995681
0.013599486
0.013237407
0.010980758
0.0099441055
0.00839859
0.009838033
0.008257111
0.008074463
0.008250112
0.017119313
0.011294292
0.02288
0.027588878
0.028454628
0.015447547
0.026246961
0.02762418
0.030925673
0.04231286
0.054579444
0.05774469
0.04548334
0.06372504
0.079116546
0.08449785
0.10174378
0.16453682
0.19429497
0.14917803
0.16088091
