0.040268045
0.07341435
0.038502187
0.050226167
0.054522287
0.04071003
0.031105334
0.05971874
0.068814054
0.06484045
0.03238559
0.030066874
0.03364467
0.041565474
0.0423175
0.056494087
0.07682133
0.067196116
0.067539394
0.050461754
0.023399439
0.04192811
0.026652444
0.022360668
0.016959485
0.018774739
0.024557961
0.035214942
0.02571511
0.009803918
0.022900304
0.012136796
0.0067827967
0.0062538087
0.0058637625
0.0073842565
0.008167968
0.005241295
0.026309617
0.024505243
0.017517697
0.023208175
0.026295135
0.018595137
0.019622965
0.041954014
0.07893843
0.048976664
0.09940681
0.10588529
0.12245747
0.11503683
0.16377369
0.1482053
0.20821513
0.20338188
0.1752217
0.23308171
0.1771052
0.12790743
0.15849306
0.17614132
0.14067207
0.16862765
0.15255156
0.20323926
0.14071502
0.16072294
0.20783015
0.18171784
0.19106436
0.2098806
0.18646474
0.21864748
0.22202587
0.19277239
0.19182669
0.21880974
0.18783979
0.21289167
0.19082108
0.15725294
0.18684542
0.20768735
0.1519528
0.14521687
0.24313825
0.284832
0.14700747
0.1833136
0.17596327
0.26012805
0.17804345
0.17641434
0.20615037
0.2881418
0.24961358
0.19475648
0.6340371
0.50404114
0.29127732
0.23749542
0.4594565
0.68244517
0.19674873
0.22944248
0.19401103
0.21517554
0.32597473
0.28036577
0.33831984
0.17350277
0.29165092
0.2623809
0.23233792
0.13182855
0.20282339
0.23149914
0.11299135
0.11974778
0.12200362
0.1504837
0.10734779
0.110577054
0.08966218
0.115563646
0.11013984
0.07950234
0.039640017
0.043244775
0.038124956
0.03507582
0.03507582
0.030149195
0.03522585
0.033183075
0.03524363
0.04680392
0.05467302
0.05467302
0.0579439
0.07881547
0.077275775
0.07726877
0.077833444
0.07597734
0.09552434
0.16837218
0.18110353
0.18931916
0.25589728
0.22799753
0.12874673
0.08795085
0.06276511
0.060157843
0.034420934
0.015949285
0.014949493
0.024972767
0.13649963
0.14876626
0.1276958
0.1257406
0.13319486
0.09417048
0.07094665
0.05642909
0.06375803
0.0607045
0.043943327
0.08017445
0.037652824
0.043045916
0.020693129
0.034919836
0.020491473
0.010959588
0.0183988
0.0149161555
0.019101348
0.01864502
0.02148167
0.015720425
0.016717045
0.014824174
0.01471098
0.013586105
0.015938833
0.013469801
0.023150338
0.02511685
0.021826858
0.028885016
0.03146046
0.033770114
0.037153892
0.062032778
0.045889627
0.0386041
0.049498703
0.07123389
0.069335625
0.060944855
0.077034965
0.0993009
0.081473194
0.083491
0.07412677
0.072947465
0.08961843
0.1120344
0.10870509
0.09245114
0.088677384
0.086359516
0.08959536
0.10194045
0.10953766
0.079802565
0.08297426
0.09152914
0.0938016
0.08338562
0.073944986
0.11093628
0.086343676
0.0971082
0.1127239
0.116068445
0.09494919
0.110176906
0.0766292
