0.005123753
0.0076922867
0.0077049234
0.004481474
0.005889907
0.0038653314
0.0030049316
0.0035658518
0.00427982
0.007998627
0.0044972184
0.0050531537
0.003889587
0.003406858
0.004660588
0.0044472395
0.0052945493
0.004493296
0.0061128335
0.0050454354
0.0032116903
0.0043237065
0.005279821
0.008172084
0.005532785
0.006291372
0.0073795994
0.013343567
0.011752346
0.013218536
0.007875104
0.0075089354
0.0091941105
0.0067378376
0.0062446436
0.0072052088
0.008777084
0.00833183
0.017716331
0.008791703
0.008213317
0.00921663
0.012500419
0.0062836586
0.007900632
0.013523756
0.029531512
0.023195347
0.048595004
0.06043916
0.097052276
0.09280755
0.18749052
0.1826784
0.23284344
0.27849427
0.2241245
0.25172672
0.20543061
0.18430266
0.24910378
0.20667717
0.18744512
0.26551917
0.16679785
0.18639743
0.13819823
0.1564844
0.19225478
0.16470596
0.16746864
0.20647064
0.16734368
0.18648545
0.17693913
0.17124942
0.17637539
0.16344406
0.15686081
0.19099064
0.17616296
0.15039913
0.19227917
0.21386927
0.14601226
0.19324577
0.2990144
0.27120832
0.17486598
0.21442764
0.2762363
0.21519366
0.1950337
0.23502152
0.21540318
0.17056386
0.20221832
0.1811387
0.2858898
0.28413463
0.2702932
0.23496869
0.38477212
0.41424513
0.13875663
0.22798315
0.22688298
0.20849057
0.24026409
0.32290646
0.31062403
0.16317609
0.22768432
0.2574667
0.19690947
0.13148044
0.18842216
0.21465853
0.10897611
0.12484077
0.19516475
0.14791283
0.114881
0.13255294
0.08993339
0.09403514
0.077984765
0.061488952
0.030029824
0.026736481
0.02061179
0.014908878
0.009522751
0.0064775753
0.0044706715
0.0037494774
0.0036392063
0.004055967
0.0038884454
0.0038314227
0.003421616
0.003597296
0.0041008075
0.00939263
0.007648045
0.007953273
0.013175291
0.016049104
0.011299224
0.026660018
0.044618674
0.05608598
0.0414488
0.07080061
0.07866159
0.060287878
0.05839169
0.17653045
0.083043985
0.056262825
0.09483812
0.117372066
0.064333975
0.083434395
0.10729184
0.08248176
0.060543437
0.061734397
0.054301776
0.026828216
0.018974716
0.031296678
0.022704052
0.0067205443
0.010441789
0.008729071
0.005793467
0.004065737
0.006564784
0.003942526
0.0030704793
0.0036156098
0.0033394103
0.0031617216
0.0028260923
0.0023608261
0.002387709
0.0023023754
0.0021563391
0.0027019843
0.0020332837
0.0024669222
0.0030701496
0.0037677507
0.0044420953
0.0047539636
0.0067546437
0.0075953887
0.006513128
0.0071664825
0.010195456
0.010168395
0.010298021
0.011876154
0.01849455
0.013215277
0.014719849
0.021919642
0.019605916
0.019682257
0.017471176
0.020142382
0.018231194
0.015749332
0.018856307
0.021100348
0.017661331
0.020788973
0.019056408
0.019328412
0.019199893
0.017167212
0.013573669
0.013757148
0.014949255
0.013238822
0.011966329
0.013388862
0.016636612
0.019029818
0.022324631
0.01952494
0.024154818
0.024676505
0.023387358
