0.02906982
0.06302347
0.030290687
0.04567896
0.052997302
0.036824528
0.027277553
0.031537063
0.053704113
0.06121002
0.050837662
0.04084667
0.039053068
0.047659736
0.05498986
0.07129322
0.10896151
0.09479765
0.1137496
0.09840139
0.058920965
0.10066107
0.08495307
0.08708765
0.06645272
0.09151859
0.07213339
0.07670477
0.091459334
0.08820327
0.046272267
0.04611178
0.036172695
0.028227957
0.018286685
0.015575077
0.017881233
0.018669214
0.03350548
0.022353893
0.018258242
0.018564913
0.018208172
0.00831092
0.010084835
0.025632927
0.041625004
0.03284015
0.06920127
0.08864243
0.14028354
0.14926328
0.2503795
0.21556346
0.30085915
0.33266297
0.24024814
0.27153373
0.2262704
0.18519792
0.19559717
0.19002044
0.226953
0.32888052
0.20163
0.21103998
0.16362499
0.1958236
0.27145872
0.254846
0.26803324
0.2736612
0.21012966
0.22805576
0.2398937
0.24457276
0.21050778
0.21528554
0.2038881
0.22427385
0.19248414
0.15850472
0.20297423
0.24049453
0.16089337
0.21291886
0.28390053
0.31237844
0.17899744
0.30982584
0.23282401
0.306331
0.2444632
0.20927276
0.15913135
0.2422129
0.28688163
0.2006679
0.45352063
0.4920572
0.76450837
0.28871047
0.437791
0.71668166
0.2621128
0.31235462
0.22236232
0.34255603
0.32611302
0.39451835
0.39018068
0.283191
0.3642122
0.35093677
0.3391638
0.18372807
0.26161548
0.3088935
0.14551647
0.13826282
0.2156418
0.19481273
0.14456393
0.16655302
0.122062735
0.13962594
0.105427645
0.063888334
0.032333992
0.025120107
0.016575478
0.014597147
0.010848075
0.004999774
0.005450678
0.010236836
0.00913875
0.009132418
0.007666774
0.007150334
0.008212956
0.011681471
0.014559731
0.017641688
0.019717433
0.040060814
0.044975698
0.06112143
0.08310795
0.09483702
0.09022295
0.083511986
0.09728516
0.10617638
0.119404994
0.16103114
0.10786898
0.10395094
0.13970135
0.13234267
0.12357018
0.14649524
0.13156635
0.115590416
0.11681665
0.08989864
0.08308243
0.0523579
0.054313704
0.071280114
0.03962659
0.030318866
0.022142025
0.020928811
0.010865142
0.017737221
0.010603385
0.0067571015
0.007307163
0.006890809
0.0085607795
0.006535784
0.005643016
0.0052282466
0.0046756915
0.0043353327
0.005969741
0.005343555
0.0063724443
0.005939729
0.005411659
0.006929897
0.011036843
0.011509999
0.015707526
0.011855059
0.010841932
0.014107902
0.017163407
0.01853132
0.026310533
0.023421155
0.026741257
0.032039087
0.05003025
0.051991384
0.058685694
0.07205948
0.06542676
0.079476595
0.10389419
0.1492462
0.14931601
0.12360563
0.20793217
0.1979298
0.1566627
0.1996492
0.17707697
0.10452502
0.102099195
