0.028469052
0.061795596
0.029240068
0.044230487
0.05105286
0.03559781
0.025816144
0.03020436
0.051858056
0.059150144
0.04901168
0.03883141
0.036835626
0.045258738
0.051656865
0.06821596
0.103798255
0.089848496
0.10634759
0.092054896
0.053802773
0.09018325
0.07314459
0.0794971
0.059104964
0.080332614
0.062421482
0.0686376
0.08092584
0.07971731
0.0407212
0.04213023
0.033204988
0.026294693
0.017175019
0.014914818
0.017075647
0.017961886
0.033244275
0.022681993
0.018756168
0.018892158
0.01937873
0.008801432
0.010561709
0.02675762
0.04391226
0.03422108
0.06965454
0.08930677
0.14027108
0.14485835
0.24476744
0.20565967
0.28797814
0.31788406
0.22959977
0.26102936
0.21714664
0.17854725
0.18974704
0.18398842
0.21868439
0.31912717
0.19628252
0.20797396
0.16038188
0.19307587
0.26600415
0.2506026
0.25992
0.26388913
0.20758131
0.22563288
0.2355022
0.2400499
0.20820263
0.21425645
0.20239322
0.22304139
0.1890298
0.15314819
0.19878025
0.23248929
0.15328209
0.20569684
0.27564052
0.30091226
0.17108577
0.29804754
0.22548401
0.2958169
0.23891248
0.20294628
0.15158617
0.23767877
0.27980164
0.19303732
0.44326854
0.47460586
0.7511814
0.2778842
0.42916217
0.7035248
0.25213456
0.3068831
0.2122054
0.33041465
0.3135251
0.38402584
0.38318697
0.26971817
0.35677302
0.3463198
0.33482456
0.17243159
0.25046387
0.30230346
0.13616788
0.12826301
0.20681985
0.18956736
0.13779028
0.16239916
0.11941028
0.13624598
0.10433834
0.06640738
0.03228283
0.024501218
0.017074687
0.015030836
0.010705044
0.004924027
0.0053193555
0.009859027
0.008562823
0.0084098475
0.007055335
0.0064850305
0.0072207623
0.010644102
0.013141396
0.016564919
0.019061774
0.040313527
0.046201546
0.0632035
0.08694856
0.103791066
0.09817942
0.09212905
0.10610222
0.11490302
0.13086526
0.17526972
0.11968413
0.11320447
0.14866765
0.13994013
0.12959835
0.15241145
0.13975787
0.1251042
0.1276571
0.09633683
0.09743006
0.059743535
0.056922466
0.078606606
0.04256809
0.031979118
0.0221441
0.021321733
0.011825234
0.017884608
0.009930397
0.006840738
0.0072115627
0.006531636
0.008624871
0.0064199003
0.0053580306
0.0050306353
0.004596134
0.0042910064
0.0056978622
0.005471723
0.0066602975
0.00604529
0.0056308713
0.007615352
0.011924468
0.012155642
0.016619226
0.0113300495
0.010627759
0.014794169
0.018478448
0.020020925
0.030033616
0.025275908
0.029330444
0.03561043
0.055805627
0.05315828
0.051288612
0.06303216
0.060177866
0.05822519
0.06567266
0.06754012
0.06686199
0.057674535
0.0795893
0.072865285
0.060354568
0.07808592
0.06810559
0.050498027
0.06304349
0.071138814
0.060280297
0.057156574
0.04343822
0.058000162
0.05656872
0.06388657
0.06514297
0.088400245
0.06668169
0.053745236
