0.10103625
0.12804687
0.12164381
0.25331682
0.29385075
0.35568467
0.4458262
0.41135004
0.3825772
0.3237178
0.2915568
0.33654007
0.3010877
0.29017445
0.50845575
0.24995585
0.28464732
0.18779066
0.22469673
0.25845838
0.23199195
0.21565822
0.25133565
0.20289445
0.24043655
0.22371258
0.22026816
0.19076575
0.17444144
0.17421222
0.18701698
0.17240658
0.15586461
0.1844141
0.17879635
0.16463967
0.211904
0.2856347
0.3505734
0.2234079
0.51995516
0.26108855
0.32732183
0.27037853
0.24508163
0.26722535
0.28757432
0.32597554
0.31210577
0.6005967
0.4813614
0.42251748
0.4009156
0.5177813
0.7058123
0.28393176
0.2886674
0.21563827
0.2406903
0.31320748
0.37642866
0.31016687
0.24800816
0.27276152
0.36514923
0.25499117
0.16949181
0.22918542
0.3287657
0.1818179
0.16555294
0.22362813
0.24062814
0.18409073
0.16364658
0.17534992
0.2387495
0.1744844
0.13994735
0.101975776
0.08508847
0.07511445
0.053306967
0.06120627
0.053915303
0.03256169
0.036221772
0.034084786
0.04387684
0.044760235
0.05466741
0.042937227
0.033455625
0.045456395
0.04435927
0.031467423
0.07098846
0.069475956
0.10219388
0.0939835
0.12634909
0.1361759
0.1185258
0.15783814
0.1359403
0.15227044
0.16598898
0.14664812
0.17079844
0.154276
0.17869453
0.16889495
0.21363163
0.13674247
0.116797894
0.10505877
0.18017855
0.08710748
0.0802584
0.036141537
0.04579067
0.039502993
0.021819334
0.026277313
0.022461722
0.017594991
0.010169639
0.016267424
0.012303464
0.008988792
0.014163162
0.030838665
0.014604028
0.0122270705
0.013681575
0.014231789
0.011305825
0.011671033
0.013479189
0.0123561835
0.013817536
0.02319256
0.019939357
0.024526257
0.06240903
0.0554931
0.02749289
0.09808742
0.07205814
0.042372163
0.058233496
0.04118752
0.03895138
0.02643562
0.054521035
0.04543099
0.081867285
0.081426874
0.09350621
0.08221828
0.092305414
0.094813325
0.10162614
0.12671505
0.18991384
0.22786665
0.25229937
0.17547207
0.20919321
