0.0474212
0.10467941
0.11041972
0.17487586
0.13348217
0.11106675
0.12823102
0.23189044
0.18268093
0.13253401
0.16273037
0.19272105
0.08114159
0.086380504
0.09569436
0.104523554
0.13201818
0.059668478
0.07485598
0.061203938
0.052884813
0.07134173
0.06832735
0.045891594
0.04972913
0.028591724
0.015066003
0.015596008
0.030288182
0.0194645
0.01528051
0.02328726
0.024543308
0.032775152
0.02853577
0.020988418
0.02049204
0.018171478
0.016000211
0.011370464
0.0133347735
0.013374256
0.012688237
0.016402679
0.030713242
0.02490865
0.018144393
0.019105442
0.022956634
0.017977167
0.013619125
0.04009842
0.05633563
0.03431216
0.08328206
0.13075955
0.16482061
0.1981082
0.37445807
0.25650415
0.32101086
0.37867567
0.25699532
0.25745457
0.24519387
0.1869208
0.24786875
0.2099377
0.17845312
0.17693388
0.15835083
0.18675783
0.13818228
0.15974163
0.22541858
0.21052334
0.20007944
0.22168475
0.2110152
0.24639764
0.22431679
0.2229028
0.22854607
0.26819777
0.3263689
0.40415838
0.21595296
0.2049624
0.23839398
0.23145026
0.16529666
0.31412897
0.294512
0.29115304
0.17785086
0.41231933
0.20419474
0.2700998
0.24012065
0.19966269
0.09754384
0.18371686
0.25730407
0.17852037
0.28718552
0.46703225
0.82948613
0.29432008
0.40026316
0.7448848
0.35027176
0.29500818
0.23104395
0.4308478
0.30663085
0.30075026
0.34675476
0.24391305
0.23983535
0.25301272
0.285152
0.17718707
0.19985771
0.26734185
0.16898164
0.1479225
0.21796837
0.18656205
0.15597758
0.1490252
0.117727816
0.11559426
0.102872856
0.072645925
0.04619844
0.045852005
0.043930504
0.032177523
0.019505788
0.01612597
0.0128892455
0.0147106685
0.013129671
0.019165557
0.020241523
0.013775021
0.0137141775
0.021520093
0.027856791
0.03823952
0.027690709
0.04571512
0.06503946
0.050999846
0.08499762
0.061873097
0.07588781
0.08575601
0.079742216
0.097815126
0.10332012
0.13968799
0.10984147
0.12317445
0.13142343
0.10219451
0.08857196
0.08530711
0.071640596
0.051479366
0.03880648
0.06255903
0.0499669
0.03285021
0.044375166
0.039124586
0.031597953
0.01920757
0.024650846
0.018237332
0.010271157
0.016561259
0.017760988
0.015984857
0.010829814
0.013016839
0.012036156
0.011742486
0.009622267
0.014233153
0.016206065
0.01624156
0.019319078
0.027929936
0.039086726
0.020976832
0.033784527
0.03888993
0.026385948
0.036701974
0.043390535
0.049011502
0.04790851
0.051868558
