0.057388466
0.13429038
0.13592845
0.2070934
0.17530316
0.17663364
0.21522616
0.25871655
0.2564214
0.19512631
0.21956879
0.24056083
0.10166868
0.10089821
0.08300968
0.08928393
0.09549196
0.044162624
0.050810244
0.03824425
0.028271155
0.029531267
0.026837269
0.021860478
0.02266327
0.016170403
0.008991571
0.007761234
0.016466469
0.013368865
0.012085324
0.017083317
0.016748982
0.022910165
0.023370974
0.0178968
0.015086155
0.011712019
0.01054021
0.00805326
0.009619019
0.00992706
0.009982831
0.012517484
0.02056801
0.018280752
0.014577762
0.014609209
0.015364208
0.013254503
0.01169079
0.0350052
0.0498486
0.032322463
0.07940536
0.1313501
0.16744034
0.20136666
0.40133068
0.2797464
0.32905135
0.39181906
0.27625278
0.26357326
0.25342742
0.19857758
0.26365244
0.22167632
0.19171561
0.18562065
0.16572452
0.19351704
0.14402677
0.16383724
0.22891378
0.21445255
0.20196892
0.22480983
0.21507987
0.24711432
0.22367865
0.22803712
0.23367429
0.2743681
0.33937022
0.42496425
0.22321895
0.21337731
0.24923618
0.2457215
0.1769212
0.3271157
0.30781892
0.30566996
0.1877196
0.43471947
0.21314396
0.28258276
0.25171208
0.21420065
0.10835267
0.19584951
0.27126738
0.19151522
0.3009156
0.49006572
0.8366724
0.311235
0.4136218
0.7539853
0.36781782
0.30529082
0.24147831
0.44436577
0.3214343
0.31340393
0.3553025
0.25513119
0.24877855
0.2575595
0.28989795
0.18282537
0.20509158
0.2706119
0.17249095
0.15300359
0.22252718
0.19125779
0.16518463
0.15416624
0.122226074
0.120445736
0.108925514
0.07503688
0.048122067
0.04689237
0.044814702
0.03215432
0.019098194
0.016621603
0.013472216
0.014981681
0.014862434
0.021485217
0.021498214
0.017485408
0.01979452
0.038251586
0.033012666
0.045782834
0.039096758
0.05321714
0.08061597
0.07771217
0.10286951
0.07442392
0.11771844
0.12016427
0.104863726
0.12329148
0.13456933
0.12892456
0.13101825
0.124846496
0.13499618
0.10931178
0.119748436
0.09779412
0.07306151
0.059199214
0.0847534
0.06614688
0.039086815
0.051285315
0.048549168
0.037487134
0.024693014
0.028723942
0.018956175
0.009120026
0.011598357
0.016502254
0.010724448
0.008099548
0.0081168
0.008411335
0.006676191
0.005802455
0.010827643
0.010269427
0.010017032
0.011075758
0.012085529
0.0105952835
0.006693466
0.009915495
0.010419548
0.008440864
0.013165227
0.0144331185
0.017968623
0.021630878
0.02844096
