0.038860105
0.06072088
0.04822286
0.04224189
0.050301716
0.03882815
0.027382622
0.024045818
0.030478723
0.02606473
0.016408311
0.016186606
0.0124469865
0.012644978
0.009339654
0.008193089
0.009146336
0.0071977396
0.006897388
0.005918145
0.0036139197
0.007194837
0.0072696777
0.005608515
0.0057624723
0.008141257
0.008698575
0.011075053
0.010000462
0.006877443
0.00781958
0.009224432
0.007911621
0.003749565
0.0033264172
0.0035199644
0.003523085
0.0063070715
0.007284173
0.0055562337
0.0062822737
0.008743541
0.011115192
0.0069283545
0.0149730705
0.043886386
0.041310176
0.048279837
0.09532707
0.11639138
0.10354405
0.23306976
0.22791494
0.25481558
0.31263238
0.28407526
0.30681255
0.23304139
0.21964206
0.28637174
0.22073625
0.2031933
0.367113
0.20091504
0.21124686
0.16067353
0.21289712
0.22747642
0.19001396
0.19180137
0.2003385
0.181433
0.21969855
0.21746072
0.2166825
0.22879137
0.21434043
0.31880143
0.47941992
0.24682926
0.27917263
0.32851613
0.2899604
0.22149508
0.33080482
0.5408208
0.28750494
0.19258907
0.33562717
0.33386838
0.2612627
0.35063913
0.27716923
0.2442215
0.22487448
0.25930595
0.23502247
0.27211
0.27585685
0.55845
0.26063555
0.37418273
0.46963084
0.3033749
0.29960436
0.26965666
0.27350068
0.32265663
0.30982384
0.3129517
0.2550954
0.26226616
0.27270964
0.27141377
0.17750458
0.21079439
0.24479721
0.15583657
0.15261944
0.21889459
0.17089364
0.14129148
0.14349398
0.112578
0.100626186
0.09681953
0.07295762
0.032827888
0.02692477
0.019435963
0.017857566
0.010792049
0.008598451
0.008836741
0.006105673
0.006081879
0.0077468376
0.00861424
0.008697967
0.0094613675
0.012969336
0.013865655
0.016830279
0.020308262
0.021573946
0.025249055
0.027891302
0.028250491
0.032400675
0.04214103
0.04564002
0.04435816
0.055775635
0.05178182
0.046038717
0.073415585
0.055417188
0.044451762
0.03577067
0.042163905
0.028176457
0.032769497
0.029152976
0.024227342
0.029302355
0.03395848
0.031914335
0.039807197
0.03562198
0.042252928
0.043590043
