0.07434263
0.1565547
0.12698792
0.105810784
0.124253765
0.096585944
0.07527489
0.10776853
0.09180726
0.079409
0.0539454
0.041047238
0.03587225
0.035582505
0.04505148
0.0436039
0.06002587
0.06340504
0.06838915
0.054087278
0.02601122
0.037737526
0.026139433
0.021968428
0.020461109
0.035693005
0.031770404
0.042222466
0.038117036
0.047899313
0.01869153
0.02325753
0.02251067
0.011355685
0.00906937
0.008381639
0.011136591
0.009526705
0.021449609
0.013801502
0.016386047
0.0143987425
0.01727653
0.013932567
0.016477283
0.042109746
0.07071607
0.038999457
0.07737249
0.088007815
0.13472174
0.12481957
0.24006562
0.23236941
0.24847163
0.24872574
0.2099791
0.26123533
0.19741984
0.16472466
0.19218796
0.18992332
0.17889054
0.21558045
0.17912334
0.21265231
0.16452742
0.18982783
0.23769273
0.23826976
0.22497605
0.2281874
0.20637551
0.2400557
0.25792786
0.22583406
0.1953985
0.20658553
0.21836472
0.23103705
0.20844346
0.20877758
0.25874233
0.25848463
0.17831983
0.23119405
0.39934564
0.27668515
0.14023398
0.22813064
0.18026167
0.26559824
0.20498042
0.2592623
0.18879862
0.23791622
0.25292563
0.18383415
0.32600984
0.31480485
0.24344844
0.24523126
0.4043137
0.5084191
0.16287549
0.24752966
0.2182383
0.19329393
0.217562
0.3366168
0.31138954
0.16232283
0.2206415
0.33843878
0.2481444
0.14038384
0.2126959
0.25805724
0.1282875
0.11961053
0.23218197
0.18165608
0.14217426
0.12422132
0.11764418
0.118995056
0.092110865
0.08716274
0.061499916
0.048655994
0.041606084
0.03661925
0.032029193
0.016270103
0.023190096
0.023030924
0.014756236
0.03425241
0.038361304
0.03019707
0.03701187
0.02965356
0.032467294
0.028620347
0.032009244
0.023948591
0.019586468
0.018898277
0.03578916
0.023964858
0.010724782
0.0184903
0.022134623
0.021239094
0.016872885
0.022191893
0.018991021
0.018951306
0.020996561
0.016901707
0.025597008
0.016944252
0.020934569
0.016396249
0.012687478
0.015619973
0.011052697
0.011404024
0.008743884
0.008833563
0.00835651
0.008773848
0.011179253
0.010292998
0.010148971
0.008888625
0.009814756
0.01001003
0.006453848
0.008054433
0.012790844
0.013653605
0.00958033
0.011859808
0.011463744
0.009888876
0.013645034
0.013433032
0.01189493
0.0114130275
0.015809553
0.015548647
0.014600323
0.013696356
0.018414652
0.020728257
0.021822887
0.022108154
0.02258778
0.022018686
0.022198113
