0.034490496
0.06364262
0.051805317
0.060538683
0.0657281
0.035326265
0.016780926
0.03891707
0.027849382
0.019658074
0.017055955
0.015184106
0.009961674
0.008611219
0.014050866
0.011576702
0.013194208
0.011258433
0.011262042
0.005354677
0.0032266225
0.00551514
0.0070814462
0.0047128503
0.0057846685
0.007911737
0.009332478
0.0096136145
0.008837685
0.011357858
0.006938129
0.007504854
0.0063898405
0.0043011256
0.003641306
0.0032232134
0.004413785
0.0042159804
0.0110526085
0.0061801053
0.0073977807
0.007495036
0.011342785
0.008806858
0.009671363
0.018487418
0.03669641
0.034343347
0.06800617
0.0725538
0.12807763
0.13408163
0.1921133
0.17165059
0.2507731
0.2715295
0.22081901
0.29708174
0.21661875
0.160901
0.2144844
0.19224341
0.15334454
0.18057446
0.16447738
0.1901655
0.13847896
0.15568785
0.21587121
0.16178879
0.1730316
0.23521337
0.18775043
0.22755936
0.22017024
0.21388641
0.22154135
0.23092471
0.24483259
0.22454904
0.1701477
0.16064695
0.17573185
0.16152567
0.12513568
0.1985781
0.28401196
0.23318942
0.14987552
0.40816808
0.21782447
0.19389318
0.28040218
0.24943349
0.16438475
0.23033687
0.32569546
0.2831452
0.4360692
0.43770438
0.82849395
0.38397074
0.43200904
0.7232349
0.39563796
0.3101014
0.145137
0.3285914
0.3499518
0.2713444
0.28292394
0.21613695
0.31035477
0.2040803
0.25822535
0.15407471
0.19595064
0.25426865
0.16556162
0.16339085
0.21482864
0.19093074
0.1726131
0.20842625
0.14885442
0.16397123
0.1373761
0.12265926
0.08563394
0.07259838
0.07957676
0.081671804
0.055991996
0.038856793
0.024572494
0.022807812
0.035170514
0.035194263
0.037182577
0.02673694
0.022847507
0.016852789
0.018564297
0.0188399
0.018591335
0.03011188
0.034650564
0.036919322
0.044624567
0.06339646
0.069870815
0.07488938
0.08980072
0.12353826
0.12746508
0.12791151
0.20030199
0.1835916
0.16370523
0.2796095
0.18134871
0.19511268
0.25772163
0.17678255
0.13750283
0.2162197
0.12917644
0.10450075
0.065595336
0.06722817
0.11358613
0.051165488
0.08088267
0.04377741
0.042789742
0.020982463
0.02991801
0.020809386
0.0076009147
0.010579659
0.0081575485
0.0073703174
0.0061949915
0.0076788864
0.007181882
0.0058755293
0.00614557
0.009230191
0.0074192053
0.013577704
0.0074269734
0.012640402
0.013216551
0.014234137
0.027327877
0.021449508
0.018516054
0.02918298
0.03692097
0.03163917
0.038389478
0.03797667
0.040812157
0.07600205
0.06791338
0.20349544
0.19957396
0.18627633
0.17293893
0.11452356
0.19000056
0.23298973
0.14718066
0.20515983
0.17023814
0.2786329
0.18486623
0.13186094
0.20359606
0.25527644
0.103369035
0.10914954
0.097500004
0.07593283
0.05212476
