0.07607784
0.114037715
0.1416325
0.13452007
0.13368352
0.13041729
0.08046207
0.1262989
0.085670054
0.11883378
0.10749503
0.09599784
0.065296836
0.11046108
0.10064056
0.114268824
0.1255321
0.17916566
0.14441094
0.09132491
0.12088181
0.12848465
0.102638625
0.11593236
0.12818167
0.10820133
0.1079528
0.11409774
0.13182347
0.054204464
0.039594624
0.047221042
0.022615716
0.021085598
0.019794067
0.023413315
0.026290677
0.025278235
0.023843229
0.020885756
0.017709902
0.023178954
0.011839362
0.019544547
0.038934264
0.06552891
0.07723712
0.1283663
0.15319985
0.18539435
0.2471345
0.30787423
0.19854349
0.2550768
0.27042082
0.21187869
0.2618831
0.19942357
0.15399767
0.26907727
0.16785604
0.17365178
0.29465145
0.15890285
0.19756387
0.15601823
0.16703098
0.19047736
0.20825121
0.1849747
0.16838089
0.16286227
0.19776537
0.17645936
0.19118534
0.17765877
0.16743483
0.19457446
0.25270617
0.23133814
0.19989496
0.25530145
0.2980885
0.21005878
0.24260804
0.747926
0.4250971
0.17431234
0.38101736
0.2684169
0.2773933
0.23264372
0.21038705
0.13633795
0.20999624
0.28847325
0.16416582
0.36323032
0.43645808
0.7488193
0.22434002
0.31786668
0.7048896
0.26953524
0.26778874
0.1683316
0.34415257
0.375725
0.32633808
0.32234463
0.26790193
0.3521809
0.29315868
0.34009555
0.25393006
0.26938927
0.33472326
0.20911337
0.1705601
0.22256924
0.17881729
0.12308368
0.11768057
0.09671583
0.101674385
0.08078924
0.055135384
0.037410267
0.031427104
0.025288459
0.019772347
0.013838513
0.008430514
0.0059039393
0.006521631
0.0052426625
0.00907083
0.006282384
0.0063497224
0.005671263
0.007317519
0.0056497147
0.006143971
0.007310892
0.0060568186
0.0058056857
0.0060005235
0.006406404
0.007874128
0.011817408
0.022775866
0.024982613
0.028340876
0.027707504
0.0389492
0.036769435
0.027751306
0.038803812
0.058468543
0.04140396
0.04341716
0.063212365
0.042966217
0.03383403
0.05041245
0.026552342
0.01787899
0.010575382
0.014221222
0.013310041
0.0076503763
0.0077012964
0.015523755
0.010750052
0.0065000714
0.0116552245
0.011466181
0.007638273
0.0061241165
0.0059862626
0.0066537764
0.004025337
0.0055379765
0.005344394
0.004232924
0.0031548159
0.0042193406
0.0040582195
0.0038052604
0.004361765
0.00489318
0.0042029563
0.0036597839
0.0036409015
0.003546488
0.0031348611
0.003997367
0.003738518
0.005326068
0.0061769052
0.0087615205
0.008724847
0.0096797235
0.010193051
0.012257631
0.0126260305
0.011984569
0.011759386
0.016329333
0.020234432
0.021092845
0.021229917
0.027586317
0.024964478
0.02453493
