0.025924923
0.037337426
0.03534094
0.03246578
0.038090736
0.022395678
0.011717563
0.012230619
0.013102064
0.014162669
0.011335333
0.007921549
0.006515949
0.007028082
0.006202441
0.0067024087
0.009045116
0.009501479
0.011990064
0.010093845
0.005513168
0.0077114995
0.009351719
0.006615023
0.008287549
0.012067478
0.011700159
0.011439959
0.011761155
0.010685604
0.0071936557
0.008394723
0.008821914
0.0075216223
0.008852027
0.010236348
0.0128416475
0.014371606
0.029660983
0.0280909
0.019493334
0.025066076
0.03382145
0.023096763
0.016015796
0.036638755
0.0597586
0.03969613
0.09621071
0.08491468
0.12666844
0.12778704
0.24385029
0.18877983
0.22306806
0.27735725
0.2524292
0.23133685
0.18843412
0.17122227
0.2028348
0.18349813
0.15749736
0.20029116
0.1449827
0.18112709
0.16641982
0.1787125
0.19463347
0.20791797
0.24227765
0.24197373
0.18594562
0.22432813
0.21888952
0.2248893
0.2089681
0.23013923
0.19959496
0.22835246
0.21435428
0.18264556
0.2364284
0.31415117
0.18196483
0.21199255
0.31369263
0.352447
0.1541396
0.26215845
0.17937489
0.24844411
0.20507926
0.16181695
0.10783049
0.21307611
0.23862992
0.16379002
0.41454604
0.5605528
0.74220043
0.24187316
0.41883874
0.6991916
0.24862178
0.28185686
0.21128973
0.37376183
0.3207395
0.35678685
0.36014047
0.27755934
0.33056828
0.28694677
0.27726203
0.16679803
0.225689
0.27769384
0.117343225
0.09090934
0.20248194
0.17148176
0.129323
0.13832526
0.09520088
0.1258158
0.09666467
0.06668279
0.04518571
0.03827352
0.027141618
0.022987574
0.018226944
0.008855141
0.008880034
0.0161716
0.014380375
0.013414509
0.0071002594
0.009232441
0.013142238
0.016169462
0.024782933
0.032194458
0.044502042
0.056947377
0.05166135
0.06928016
0.104473345
0.11601103
0.12137552
0.10786866
0.0888381
0.11322037
0.17156625
0.12794402
0.12479803
0.13549249
0.17957744
0.13898025
0.13554716
0.14198944
0.109039746
0.107524246
0.15244676
0.10579362
0.07682278
0.051465698
0.069006585
0.06432048
0.029596439
0.058438126
0.029284634
0.0139510725
0.012757134
0.016487425
0.010139047
0.036750235
0.0074483408
0.005850732
0.0056142462
0.006079256
0.007245038
0.004294296
0.003745136
0.0053546317
0.005067433
0.004748126
0.0047212723
0.009827777
0.007099392
0.009563346
0.0072511216
0.005058021
0.0094862105
0.014110754
0.01750576
0.018198423
0.01486464
0.015121394
0.01794229
0.018929882
0.022121157
0.019240187
0.027865818
0.0334609
0.03218807
0.03309977
0.04001357
0.035638362
0.039004426
0.04741896
0.06747867
0.032028884
0.031852297
0.059269167
0.053857006
0.050291922
0.06878769
0.18326928
0.09081266
0.06865396
0.14065963
0.14063284
0.11506149
0.1116113
0.14531836
0.11574425
0.1206289
0.12076531
0.19265121
0.12623338
0.08848316
0.123370536
