0.050222848
0.10961145
0.11430687
0.15598054
0.13350497
0.14433026
0.12448204
0.19680865
0.16512844
0.07266178
0.09735984
0.08807037
0.060101897
0.05006457
0.07602097
0.101341866
0.111537136
0.06721783
0.0652021
0.059783142
0.0676103
0.07922445
0.08298896
0.08562746
0.07051919
0.08056756
0.057382092
0.025450904
0.05269311
0.030412866
0.022729436
0.017826142
0.021745468
0.023634315
0.031437382
0.02401968
0.008388057
0.020302616
0.010405653
0.0050427266
0.0045338436
0.0042961882
0.004882875
0.005271338
0.0034072904
0.018213833
0.0167717
0.012082945
0.016567621
0.01851135
0.013013623
0.0139333205
0.036082666
0.06764787
0.040784802
0.08951463
0.0992499
0.11372735
0.10899162
0.1603539
0.13858965
0.19259629
0.1940522
0.16687074
0.20076798
0.16571186
0.119379945
0.14817715
0.16609411
0.13041633
0.16229095
0.14335622
0.19496964
0.13574845
0.1551929
0.20253262
0.1780232
0.18196027
0.20118058
0.18015492
0.20804524
0.20783673
0.1862296
0.18716216
0.21384336
0.18246888
0.21139959
0.18772003
0.15096264
0.1775172
0.19644031
0.13423687
0.12682757
0.22802615
0.27337793
0.12973848
0.16734575
0.1621266
0.25569406
0.16525428
0.1576334
0.19108815
0.2803162
0.22040294
0.17166057
0.59002876
0.46754348
0.2693588
0.22045468
0.44453734
0.6526459
0.17478147
0.22574912
0.18905939
0.196094
0.28305408
0.26600417
0.31395194
0.15530938
0.26079497
0.25717396
0.22929728
0.12670062
0.20585461
0.2317836
0.11126195
0.11538997
0.12709181
0.15287174
0.10506545
0.11385064
0.09567002
0.112053305
0.095069155
0.075445175
0.043205097
0.035510868
0.025611963
0.02796553
0.043244775
0.038124956
0.03507582
0.03507582
0.030149195
0.03522585
0.033183075
0.03524363
0.04680392
0.05467302
0.05467302
0.0579439
0.07881547
0.077275775
0.07726877
0.077833444
0.07597734
0.09552434
0.16837218
0.18110353
0.18931916
0.25589728
0.2359029
0.12874673
0.08795085
0.06276511
0.060157843
0.034420934
0.015949285
0.014949493
0.024972767
0.12812902
0.11579341
0.07571854
0.06907668
0.05316422
0.05564815
0.04760097
0.038122527
0.054894876
0.02780334
0.032382157
0.014157977
0.029477907
0.015953341
0.008984006
0.013477236
0.010783708
0.013675514
0.014242362
0.011963442
0.010275059
0.013463354
0.010335998
0.011244714
0.009427002
0.011602846
0.008481834
0.014944242
0.020663409
0.016988168
0.022102423
0.023993416
0.026353078
0.027499052
0.04577469
0.035466097
0.03148533
0.037231278
0.056732304
0.05858715
0.05516577
0.06683281
0.08577873
0.07222324
0.06996829
0.058769144
0.05858807
0.0748622
0.09123865
0.08625821
0.07431017
0.07046465
0.069669925
0.07545403
0.08552493
0.09722479
0.06858104
0.06813073
0.078545004
0.081839725
0.07428585
0.061672308
0.08975653
0.07011347
0.08360857
0.10215001
0.108628005
0.09257896
0.107462235
0.074819535
