0.061565027
0.10432994
0.10433515
0.08225873
0.1072118
0.056824327
0.04258796
0.056407083
0.066046804
0.05941432
0.039277963
0.04484627
0.026490306
0.026283147
0.024794206
0.024393376
0.033799924
0.023830678
0.02077497
0.02067001
0.012092135
0.010874236
0.01646585
0.010482457
0.0075283246
0.0060285516
0.0070519857
0.006523071
0.0051763356
0.005116403
0.005024138
0.0046000932
0.005668231
0.0054561454
0.0034117817
0.0033377144
0.004503317
0.0031118074
0.008510913
0.0076553593
0.008148048
0.010441169
0.010552576
0.014369275
0.014013104
0.039242316
0.06575472
0.0336343
0.07373769
0.10108217
0.14769778
0.13001274
0.21024795
0.24077956
0.25634754
0.25944477
0.2268566
0.3248622
0.19963004
0.17214634
0.25639915
0.20309278
0.18253292
0.23354629
0.19007157
0.20112075
0.14356498
0.18723325
0.21818306
0.15935132
0.1654415
0.19483364
0.16514964
0.18153301
0.17453812
0.17558126
0.17637023
0.1783706
0.17098853
0.19914937
0.1843474
0.17179112
0.20537211
0.2395058
0.1868103
0.20860595
0.27347112
0.31331405
0.1693343
0.22108977
0.19403824
0.3142999
0.21228427
0.20199873
0.17393185
0.23715587
0.20709094
0.16934128
0.43844372
0.33894506
0.22556987
0.20296986
0.26192474
0.4967078
0.15524064
0.24730161
0.20588405
0.20544706
0.23835522
0.30479917
0.2665329
0.18483928
0.24933663
0.28344804
0.24722552
0.1429047
0.27385843
0.38605353
0.14342856
0.10686108
0.21588933
0.17554352
0.13029923
0.15238944
0.11563313
0.11673731
0.099736996
0.080386795
0.051784933
0.043399222
0.041644603
0.02467388
0.0261816
0.02026069
0.015738204
0.022374682
0.012918107
0.011820894
0.01095256
0.011997659
0.014880821
0.021116706
0.03483879
0.056553543
0.05540009
0.06232521
0.09762202
0.14092997
0.13979281
0.14529158
0.17536643
0.21404214
0.18465221
0.14957829
0.21456172
0.14577776
0.16737106
0.19985422
0.15240821
0.13437964
0.12777291
0.15080653
0.12657538
0.07833013
0.123938724
0.28041705
0.095567435
0.15063322
0.13062721
0.11065143
0.03515534
0.050577212
0.057633407
0.023906048
0.026179692
0.017892417
0.026739186
0.011832619
0.014829858
0.02412231
0.01695366
0.0129805915
0.014869117
0.013781093
0.017237123
0.015536382
0.022337498
0.018440157
0.019498803
0.023949135
0.027860215
0.02522332
0.030931361
0.04906279
0.039392438
0.034953885
0.045023076
0.044087287
0.07985584
0.081180684
0.08545128
0.089649536
0.11463139
0.10327649
0.08247956
0.096974336
0.15085325
0.089008816
0.08271311
0.07428615
0.084251106
0.099549815
0.07443147
0.089816935
0.07011991
0.07915139
0.06416277
0.08027167
0.08239747
0.088903025
0.0834108
0.088393204
0.06357984
0.08173938
0.08159162
0.10953572
0.086527355
0.08011702
0.09324531
