0.09302156
0.12351647
0.112960555
0.22332458
0.30565122
0.34860897
0.41042212
0.40110776
0.3727756
0.30281147
0.27192608
0.33475065
0.28649494
0.25437352
0.39994958
0.24139412
0.2511685
0.18116204
0.25006008
0.3067009
0.2285137
0.2285836
0.27996862
0.22426891
0.2972419
0.2678706
0.2391329
0.2184171
0.1943634
0.18859966
0.20062838
0.18812868
0.16320726
0.18597326
0.18661302
0.17448506
0.21523273
0.28909498
0.3641554
0.24674897
0.54159075
0.2739579
0.35539517
0.28205878
0.25024503
0.27176264
0.29881635
0.33916476
0.32226282
0.60678315
0.5050977
0.43406975
0.42181283
0.5224876
0.71235526
0.29443496
0.2978403
0.23060076
0.23981777
0.31829053
0.375822
0.31083566
0.23695819
0.27861303
0.36578277
0.260801
0.17829095
0.24132457
0.33467108
0.18996295
0.17822996
0.24138643
0.27517015
0.21799035
0.17589891
0.18845116
0.26146784
0.19009912
0.13970564
0.105300464
0.09686002
0.08344202
0.059544593
0.06857963
0.05926305
0.03391391
0.039730117
0.03678945
0.04630266
0.045450557
0.05373952
0.04463077
0.032097284
0.042563643
0.046653476
0.03403985
0.071169935
0.069127165
0.102586105
0.09797499
0.13466232
0.14951968
0.12944257
0.16519214
0.14389609
0.15998028
0.16473126
0.15276209
0.16832715
0.15166172
0.16925423
0.17092873
0.18824156
0.13069664
0.11382959
0.109393016
0.1760338
0.09031785
0.08947842
0.05047574
0.0549327
0.052501272
0.038136553
0.038267776
0.030859904
0.032755535
0.022914989
0.030568583
0.023353184
0.0196696
0.026781274
0.051622875
0.02511544
0.024984112
0.019297244
0.019758396
0.016786426
0.017569762
0.013992445
0.014687477
0.012775638
0.03912208
0.030159334
0.03629994
0.043409437
0.0405949
0.030350173
0.021802416
0.018605566
0.019284498
0.020975715
0.028546756
0.033702686
0.033907097
0.05107118
0.050369095
