0.053088665
0.115860246
0.09246418
0.0623996
0.07750818
0.058133945
0.034316063
0.046099175
0.042044573
0.031933315
0.016041923
0.011609935
0.010602039
0.010102811
0.011819485
0.012360386
0.02379923
0.016243039
0.013702052
0.01291736
0.0072424943
0.01154585
0.008756804
0.01022698
0.0111594945
0.013916145
0.017327597
0.027699515
0.019130792
0.02659086
0.012198855
0.015956635
0.014816933
0.008931144
0.0067448807
0.006681429
0.0075224657
0.0061995205
0.017818546
0.009090714
0.011797501
0.010073174
0.011182043
0.009683236
0.009733857
0.018031139
0.040228996
0.028735664
0.0601339
0.07129452
0.102411434
0.11539064
0.23446609
0.18477489
0.24996513
0.25494274
0.21569477
0.27419737
0.22151256
0.18140541
0.21471949
0.2170312
0.20138194
0.22082318
0.1791092
0.207778
0.15597507
0.16896927
0.22142401
0.19622548
0.18606566
0.20311612
0.1875963
0.21575616
0.21830864
0.20489413
0.17572917
0.18718064
0.18830465
0.2111543
0.19406039
0.18449959
0.22230662
0.2329514
0.15314536
0.20747554
0.34024444
0.24837346
0.11750755
0.2036164
0.15728977
0.24496052
0.18401332
0.23673558
0.16330825
0.21489586
0.2290473
0.15579179
0.3073881
0.2958208
0.22941732
0.23176295
0.39662817
0.51371425
0.15981339
0.24498443
0.18329255
0.19496424
0.22445518
0.34878445
0.33076257
0.18167913
0.25812644
0.40572262
0.2782917
0.15302195
0.2362121
0.28575817
0.13006058
0.10777191
0.20569964
0.16773918
0.110932745
0.13184312
0.10046668
0.10399211
0.08095603
0.06922465
0.046048123
0.04262176
0.045403644
0.032243285
0.03433522
0.035794575
0.03622921
0.033848602
0.019108417
0.017667554
0.023128543
0.019642448
0.023800937
0.029839309
0.055013396
0.06769072
0.06905365
0.11101009
0.10116443
0.11810484
0.1302386
0.120098755
0.10489502
0.11522869
0.13549358
0.124925956
0.10277683
0.13947052
0.13159381
0.13975854
0.13502192
0.11878562
0.104366444
0.12273538
0.0847367
0.07212274
0.05090745
0.06375705
0.07133115
0.042185884
0.06387653
0.03708635
0.042723134
0.023064787
0.045334708
0.025072157
0.01539985
0.022403521
0.015446003
0.017335411
0.010389045
0.012815875
0.009819651
0.009045282
0.009866877
0.010674217
0.010342532
0.010676473
0.013348754
0.017233778
0.019331919
0.028565235
0.038252253
0.04712188
0.036139444
0.044401925
0.08584885
0.0639512
0.052569866
0.059978724
0.071416095
0.08232974
0.088037714
0.13199636
0.12587513
0.13215724
