0.020329524
0.034143895
0.044210397
0.042178232
0.072990045
0.06659728
0.060143188
0.08265699
0.109088115
0.05388955
0.07259747
0.04247904
0.053903896
0.05921049
0.03649596
0.03671767
0.07033309
0.041570924
0.0515332
0.046266288
0.035451274
0.036545828
0.038023703
0.03662711
0.030435005
0.027921403
0.037411265
0.045114048
0.029000739
0.025292171
0.029895697
0.025174957
0.019931346
0.021383641
0.02343415
0.022485271
0.026846187
0.033372093
0.021233652
0.024544187
0.024132833
0.0191992
0.02328866
0.03778155
0.06941523
0.046142936
0.07410632
0.10711349
0.15808292
0.15719867
0.339658
0.30308548
0.31388324
0.39235067
0.2639501
0.34844765
0.2273145
0.19720855
0.34486133
0.23703481
0.2278062
0.41446334
0.22436097
0.27803466
0.19510883
0.21210012
0.33580247
0.25733444
0.2201501
0.22974627
0.2272522
0.25644857
0.23588865
0.22938073
0.24475318
0.25103348
0.28401935
0.40344402
0.25916633
0.24215987
0.30337393
0.28503305
0.18470383
0.25690722
0.3847394
0.23340471
0.1586251
0.2939369
0.2312457
0.36082366
0.273796
0.26557043
0.25822452
0.23597698
0.24059135
0.20020959
0.25712898
0.23996596
0.38051105
0.20606026
0.2625166
0.2352548
0.1897555
0.20277773
0.1180288
0.22504745
0.2858652
0.21237072
0.23059675
0.19943292
0.23355006
0.21987067
0.2286511
0.17859994
0.20084257
0.23736693
0.1765371
0.16574538
0.22411533
0.18918379
0.14386955
0.15619954
0.14389005
0.14134225
0.12130213
0.09950768
0.061493885
0.047007505
0.056522
0.050161786
0.031716704
0.021659233
0.01595683
0.018050473
0.01895206
0.021330371
0.01802501
0.013739612
0.013777432
0.011978022
0.011536292
0.01561995
0.015809227
0.0267584
0.031921376
0.026957521
0.045182977
0.057543892
0.053532723
0.061773848
0.055145394
0.059602775
0.04710749
0.10096633
0.085169755
0.08335176
0.09502761
0.15523455
0.103305906
0.11412757
0.13025898
0.108281046
0.10043147
0.13443892
0.084884524
0.060181804
0.03666204
0.04842795
0.06258384
0.032890107
0.05874024
0.036864363
0.025929233
0.015601454
0.027195359
0.012207023
0.018235974
0.014348295
0.012923521
0.012494706
0.012025415
0.014177324
0.007879167
0.0071017453
0.010573856
0.015402205
0.012136727
0.013337454
0.031384096
0.018720195
0.014625748
0.021186462
0.048059184
0.039440747
0.017869137
0.02861568
0.035026643
0.028635979
0.044159386
0.069915175
0.07375961
0.061279833
0.051600806
0.09320405
0.08992817
0.09535864
0.084591694
0.11190065
0.1020385
0.07430323
0.10206296
0.13157052
0.1258177
0.13150394
0.080156855
0.08689575
0.0931051
0.08434242
0.0701052
