0.097193696
0.123622335
0.117152415
0.24483937
0.28622183
0.34751806
0.43544602
0.4032165
0.37956896
0.32096758
0.29259998
0.33580846
0.30040216
0.28893337
0.50016373
0.24895827
0.27840638
0.1809098
0.22222157
0.2573076
0.22351554
0.20833604
0.2527123
0.20126924
0.23124504
0.21838455
0.2201339
0.1886858
0.17443438
0.17414822
0.1868914
0.1718336
0.15420446
0.18454683
0.18211709
0.16511056
0.20822227
0.2849923
0.35165
0.22679652
0.50165987
0.27142552
0.3450476
0.27442
0.25626546
0.3088133
0.29715607
0.33010918
0.32075298
0.58650464
0.47002465
0.3654296
0.39428607
0.5015607
0.69300133
0.27195263
0.28755006
0.22562473
0.2284036
0.2998097
0.34626392
0.3077702
0.22998971
0.2673761
0.3065252
0.23417114
0.1611444
0.2204556
0.2885351
0.17232403
0.16647424
0.2150543
0.24188928
0.20589271
0.16817401
0.17190637
0.23309109
0.18557513
0.13517748
0.09454818
0.088142015
0.07614623
0.049110252
0.05524596
0.04947209
0.028431805
0.03883237
0.027742725
0.041615307
0.047332365
0.048559304
0.040001243
0.03448948
0.041522942
0.04030816
0.03613531
0.07127078
0.0621826
0.08960511
0.08201816
0.11218045
0.12618418
0.09070796
0.12611613
0.11791163
0.12838963
0.15109047
0.16532722
0.17052355
0.15588221
0.17145735
0.16443294
0.16446617
0.12368244
0.10623232
0.10707785
0.15055427
0.09361157
0.09543147
0.044624705
0.049425717
0.04480258
0.032878883
0.03349702
0.025823103
0.022769794
0.015070364
0.024148805
0.019996606
0.016185338
0.02915129
0.043654896
0.024048707
0.026101418
0.028195158
0.023135105
0.017699286
0.032906234
0.030496737
0.022157619
0.022669278
0.08540855
0.03910586
0.07672899
0.13079837
0.18287957
0.13673416
0.237815
0.16901566
0.15404257
0.13865301
0.11654722
0.102701925
0.07691495
0.08703316
0.11676785
0.10991619
0.11035463
0.1396021
0.120820254
0.11846176
0.16810101
0.2129667
0.19634712
0.21977259
0.29725474
0.3343131
0.3819768
0.26566437
0.26730514
