0.116340734
0.24004668
0.23338652
0.43742728
0.33447063
0.31470665
0.32575285
0.36147702
0.361513
0.28964347
0.3113526
0.36356702
0.16857065
0.17357554
0.1390323
0.16995396
0.23058377
0.0948205
0.098911606
0.09628234
0.07366398
0.06951772
0.06545624
0.058196872
0.057695124
0.031637415
0.020628035
0.02120809
0.030486023
0.024925254
0.022565326
0.025308613
0.024172738
0.031880658
0.032939985
0.023857338
0.019405723
0.017507965
0.015542151
0.011158537
0.013252107
0.013866007
0.01407409
0.017822903
0.029631052
0.02715804
0.020243395
0.020609286
0.023525365
0.019174702
0.01478829
0.044422768
0.061627537
0.03921638
0.09927216
0.1513248
0.18825762
0.22739935
0.4245851
0.3006148
0.36377755
0.43238932
0.3033912
0.3573885
0.3170611
0.21780813
0.30841443
0.26459458
0.21850085
0.2119153
0.20411378
0.22907442
0.14128235
0.16666435
0.2502034
0.19626378
0.19134186
0.21540198
0.20294559
0.21872157
0.207908
0.21834984
0.23765987
0.26457304
0.24943025
0.32139346
0.24386385
0.23731433
0.28849965
0.30068803
0.24256349
0.347129
0.4084241
0.48879182
0.2592418
0.5860491
0.28498548
0.35832107
0.28314555
0.2496949
0.13881332
0.2227185
0.31140277
0.21960673
0.3229353
0.527575
0.8471143
0.33570093
0.42736232
0.7709063
0.4197845
0.32817322
0.2629609
0.4847995
0.3444785
0.3376451
0.3735192
0.28428864
0.26924354
0.2753052
0.3057796
0.19958915
0.21614206
0.28368923
0.1834658
0.15849423
0.23043592
0.19836451
0.16523235
0.15658224
0.13125844
0.11789592
0.10390964
0.07244265
0.04627622
0.045155436
0.040278383
0.03293631
0.025206512
0.020027634
0.018854614
0.020676063
0.017419381
0.024380658
0.030483924
0.020630836
0.021859745
0.03357315
0.0474779
0.05642803
0.041074593
0.06441074
0.08256279
0.067293175
0.111028016
0.09104897
0.11376778
0.11780212
0.10862684
0.11468488
0.110438265
0.15302742
0.15117995
0.14171408
0.13727199
0.10178724
0.108935274
0.11246816
0.092802286
0.10108921
0.08714852
0.087749094
0.08699459
0.080130436
0.10363145
0.089805186
0.116622604
0.12296934
0.103284486
0.1371839
0.10646289
0.09879343
0.11701815
0.12549819
0.09540427
0.07710862
0.0646438
0.06347989
