0.14387587
0.31399485
0.32685137
0.20007187
0.21484868
0.19205809
0.19842967
0.18372035
0.14264621
0.19604683
0.22620064
0.26213473
0.23422581
0.24613652
0.618154
0.24129833
0.3409354
0.30278105
0.3576083
0.31901
0.32979512
0.2564767
0.24498071
0.42700103
0.49704307
0.113806725
0.3361526
0.6454098
0.27214345
0.27006754
0.7487442
0.885335
0.5479057
0.7419349
0.8592702
0.69428205
0.8062432
0.8282675
0.6900478
0.503098
0.6727929
0.7479539
0.82691973
0.648057
0.6050991
0.5538825
0.58792526
0.33402857
0.34192848
0.25223106
0.27947217
0.16624422
0.16974555
0.13145266
0.18111388
0.138119
0.21672128
0.14924785
0.25285873
0.19934413
0.4114032
0.39069813
0.2846789
0.3566946
0.6453942
0.22101608
0.52291715
0.55849946
0.74044734
0.24085556
0.44597057
0.6086381
0.77121514
0.4990202
0.60078466
0.7024032
0.7703934
0.653601
0.5920373
0.34976208
0.49074462
0.30729067
0.2027142
0.27254456
0.26482064
0.18013734
0.11403641
0.4046801
0.21979037
0.2255056
0.30739322
0.7939654
0.90690225
0.66230136
0.85747063
0.93037146
0.8791547
0.77423906
0.30423495
0.8957677
0.7620917
0.18772992
0.2913735
0.924973
0.42022133
0.18971677
0.63022345
0.9086129
0.29328
0.26861727
0.912035
0.85293263
0.36216724
0.59979475
0.9273276
0.71165013
0.56564665
0.8680997
0.94107383
0.8967076
0.5680484
0.67581415
0.9237432
0.83977884
0.63379693
0.76716185
0.8811936
0.81685984
0.69820344
0.72860634
0.6801854
0.6194237
0.48382422
0.5928164
0.6699219
0.46282005
0.5244546
0.6092006
0.5207569
0.49495393
0.66045934
0.5907118
