0.14368562
0.31432918
0.3251989
0.19919685
0.21380988
0.19134583
0.19634773
0.18200406
0.1416957
0.19452299
0.22396854
0.25824845
0.23156247
0.24619925
0.6167769
0.2394998
0.3404293
0.30385387
0.3575861
0.31816328
0.33015153
0.25899205
0.24678369
0.4278246
0.49855295
0.116392314
0.3377133
0.64513093
0.2728123
0.27305055
0.74907625
0.8846638
0.54794025
0.74204445
0.85939574
0.6926779
0.80609024
0.8292703
0.6900994
0.5023103
0.6733993
0.7475585
0.82669586
0.64764845
0.60442215
0.5532237
0.58863556
0.3358763
0.34851906
0.2582307
0.28525415
0.16917957
0.17207372
0.1328858
0.18193513
0.14583367
0.21437892
0.14399728
0.23833139
0.18489489
0.35284075
0.28533906
0.21985464
0.250095
0.584708
0.19739889
0.36918738
0.453812
0.6783332
0.20043015
0.26795658
0.50341386
0.64110535
0.28731874
0.4477683
0.61776006
0.5926492
0.5087478
0.3614394
0.24648435
0.27307987
0.20765898
0.15621458
0.17992245
0.22103362
0.20333289
0.1354775
0.39869818
0.32436478
0.3394891
0.3963241
0.83265334
0.9122061
0.7279866
0.85413355
0.9275936
0.8832209
0.7811713
0.32132387
0.8953353
0.7646482
0.18581147
0.29465112
0.9233361
0.4177428
0.18716937
0.6298963
0.907453
0.2897907
0.26482445
0.9104766
0.851345
0.35776398
0.5945425
0.9267503
0.7093097
0.56358373
0.8678209
0.94081336
0.89610267
0.5668078
0.6742477
0.92333794
0.83868015
0.6329389
0.76640755
0.8809938
0.8168705
0.6977792
0.7283257
0.6804564
0.62120914
0.4831711
0.5929871
0.6699263
0.46356893
0.52513593
0.6086935
0.5195412
0.49570882
0.66118234
0.59126896
