0.15962848
0.31534007
0.26699302
0.18352112
0.17871921
0.17216833
0.1621888
0.1662482
0.14773056
0.17681411
0.18175267
0.20163476
0.18384628
0.17893466
0.30587605
0.18988982
0.21197473
0.20037048
0.17714764
0.2524124
0.26618037
0.1670715
0.15785636
0.4485543
0.40760463
0.08929045
0.25046086
0.62493676
0.25853142
0.17078078
0.72683495
0.8839839
0.5728818
0.7375897
0.82025856
0.6300782
0.8131458
0.8507704
0.6922747
0.50021636
0.6992539
0.77275777
0.7759121
0.44978443
0.50923824
0.44787294
0.294956
0.20536831
0.28534278
0.18139437
0.18036889
0.12240322
0.1404982
0.12597668
0.1726254
0.13450672
0.21278821
0.13651045
0.20783958
0.16337419
0.260076
0.23728496
0.26220328
0.24667318
0.26309124
0.16636178
0.3355846
0.22423197
0.24620153
0.2006152
0.2776592
0.36686468
0.5592911
0.40259624
0.5043922
0.39077875
0.32211977
0.28956133
0.25926226
0.24737722
0.34993628
0.28598514
0.23937465
0.2849621
0.31730315
0.28586993
0.20461379
0.46022594
0.29221848
0.31558093
0.42909586
0.8340385
0.9178246
0.6649561
0.86113477
0.92309916
0.872277
0.7935048
0.3386732
0.89637154
0.7905903
0.18590118
0.225921
0.8898699
0.28455797
0.16675983
0.5717207
0.912396
0.28551096
0.2943765
0.90863174
0.55615884
0.3341068
0.6580802
0.9132043
0.6825123
0.6409545
0.8888127
0.93871206
0.89123714
0.6090763
0.65087074
0.9311042
0.84457153
0.57337886
0.75305027
0.89139056
0.81146467
0.61131763
0.69759357
0.6460997
0.46332222
0.36696386
0.57871014
0.60823965
0.36409414
0.49641138
0.61267996
0.4933118
0.496221
0.69269717
0.6020139
