0.1431023
0.30232173
0.24249253
0.19358462
0.19329606
0.22320548
0.17193228
0.17072675
0.13603476
0.17773224
0.14231342
0.17783158
0.17650639
0.19868657
0.20581524
0.15590094
0.22776096
0.228471
0.20760745
0.3018108
0.3221023
0.2686438
0.33547077
0.4480003
0.4592574
0.13859679
0.325973
0.57476807
0.29221317
0.50224113
0.7933522
0.87564826
0.65937936
0.75011224
0.7769148
0.68406796
0.82662565
0.88898045
0.6908571
0.51141363
0.71911854
0.76998323
0.8132394
0.59165984
0.5619132
0.49289095
0.5172087
0.2658085
0.31891242
0.24659124
0.24766366
0.1566663
0.18234946
0.16341117
0.28701797
0.20319086
0.24451607
0.18447816
0.32133493
0.18653905
0.27988052
0.33291003
0.34372914
0.30882597
0.41513878
0.23268472
0.409394
0.26664582
0.3323567
0.23749961
0.39659205
0.33658475
0.72652435
0.5273542
0.43745115
0.5134797
0.6472802
0.35864502
0.21371043
0.23949116
0.4649955
0.26106307
0.19996907
0.32435697
0.32820508
0.27569368
0.24607849
0.3322671
0.24659032
0.4150828
0.31960788
0.7693789
0.9177922
0.6657013
0.8512985
0.92733526
0.8819446
0.77795047
0.33958077
0.9005472
0.7506201
0.15468928
0.2755695
0.91175914
0.31244206
0.13743159
0.55408823
0.9249205
0.26564935
0.19995487
0.9095227
0.665254
0.43173954
0.48865333
0.8893447
0.7649324
0.44676518
0.52306587
0.872706
0.9255582
0.6017906
0.64562327
0.9420017
0.87042373
0.5918489
0.7053885
0.9105322
0.82612395
0.59236413
0.71977794
0.7171676
0.6049475
0.3103636
0.5569543
0.6588517
0.307543
0.38868997
0.58334076
0.4836479
0.46542335
0.66910505
0.5978518
