0.13043326
0.2944785
0.3074239
0.18381841
0.18071951
0.19368042
0.17743854
0.1660228
0.13668528
0.22235799
0.22552425
0.18719275
0.17476287
0.19286223
0.3745017
0.14868562
0.32051772
0.27466005
0.22314379
0.268837
0.29300976
0.19195676
0.17778344
0.39112508
0.37536255
0.09980571
0.26030335
0.60839087
0.27049956
0.22076766
0.7130963
0.88761735
0.58292633
0.7676951
0.8414343
0.7126819
0.82553333
0.8147587
0.6845353
0.5320955
0.6945323
0.7699757
0.82778764
0.67442405
0.62155473
0.54800695
0.597168
0.34732923
0.3688011
0.24693346
0.2593774
0.13973637
0.14855872
0.12612657
0.15359725
0.09163726
0.15524343
0.19201863
0.20584817
0.16890302
0.37426785
0.31163412
0.23546055
0.23337117
0.60081947
0.18036805
0.22683233
0.502094
0.7102797
0.20705393
0.42778078
0.60974675
0.7112337
0.42953762
0.601579
0.7289866
0.7042561
0.5914505
0.48831204
0.28854024
0.30689982
0.24080461
0.21494098
0.130819
0.20119406
0.17219485
0.12073735
0.36262622
0.23614092
0.27718055
0.33941814
0.8228667
0.91140205
0.776706
0.8687962
0.9255865
0.8880123
0.80080587
0.33163857
0.8957779
0.7757293
0.18162489
0.26793852
0.91639584
0.38591057
0.17076367
0.59647393
0.90334946
0.2627499
0.26035017
0.9129318
0.8470956
0.3618025
0.6004166
0.92808676
0.7156757
0.5669788
0.8677865
0.94193095
0.8981377
0.567872
0.67889297
0.92482823
0.84200305
0.6340634
0.76913965
0.8804211
0.81737304
0.6997247
0.7282351
0.67749333
0.6245659
0.48297903
0.5869312
0.66429675
0.46039942
0.51508856
0.5990212
0.5060405
0.4858834
0.6575706
0.5869082
