0.12665911
0.29931512
0.29147515
0.22342034
0.22293547
0.2669868
0.22924158
0.20972803
0.2043884
0.26829782
0.22077762
0.24281831
0.22314405
0.21131054
0.47741526
0.2198774
0.2853952
0.26474664
0.29211682
0.3142637
0.34462124
0.2249586
0.2611817
0.43942714
0.30034044
0.091082595
0.2658716
0.5992391
0.19941321
0.15287405
0.65385044
0.87238497
0.5403402
0.69159013
0.84287304
0.6575373
0.8099127
0.81019515
0.66366136
0.5222614
0.686792
0.75726223
0.8208084
0.60215837
0.5593818
0.49848658
0.43382838
0.28445533
0.34686834
0.23516111
0.23203698
0.12971972
0.1751537
0.14899579
0.2086184
0.13929899
0.27258682
0.28982103
0.39482024
0.23577303
0.42592344
0.32604158
0.24661566
0.30011746
0.5134077
0.16800298
0.20108058
0.32080257
0.60879934
0.17027992
0.25669536
0.47890776
0.74326503
0.5220475
0.7341489
0.71303904
0.5986857
0.44597682
0.28500032
0.2530803
0.4133502
0.2618301
0.18815863
0.19037464
0.28558376
0.26472765
0.16909125
0.39733106
0.31050122
0.32862687
0.49064243
0.8351622
0.92270243
0.7118687
0.8751112
0.9214863
0.85570186
0.7635017
0.31238273
0.88551664
0.64633155
0.16757946
0.23552793
0.85555017
0.17152542
0.072558835
0.37751308
0.15062056
0.08689931
0.105207615
0.8988287
0.65457326
0.36797813
0.66900134
0.90005434
0.76470304
0.64736986
0.8892084
0.94277275
0.8908843
0.62318367
0.7467812
0.93309367
0.85065365
0.6181231
0.7587216
0.88149446
0.8080138
0.6283994
0.6606655
0.67692494
0.56904
0.4735672
0.6170082
0.68393
0.46598604
0.5860826
0.6553307
0.5451132
0.52217877
0.66647
0.59621537
