0.17253144
0.3271671
0.27713814
0.2153298
0.19823907
0.18863979
0.18034889
0.20440818
0.17324413
0.19947791
0.22665751
0.3106144
0.2259487
0.24420464
0.5952606
0.2282302
0.2515835
0.24511974
0.27807498
0.24795179
0.26855057
0.20804341
0.19116077
0.34492296
0.29031283
0.12578426
0.19710153
0.42486975
0.29650015
0.3199737
0.6717323
0.874152
0.65090346
0.7357888
0.7022072
0.74662876
0.8348324
0.8248708
0.661989
0.5167205
0.7424185
0.77442884
0.8489453
0.63190347
0.5862015
0.5794979
0.63251454
0.32747966
0.36837676
0.3099557
0.3502659
0.12271685
0.17097728
0.14180867
0.21263109
0.11812332
0.24732342
0.17222567
0.22685014
0.14027259
0.18393296
0.22144459
0.2188812
0.14547679
0.18783394
0.111818194
0.22123094
0.13238259
0.24813181
0.15744162
0.1738479
0.40130153
0.7597486
0.49862075
0.661493
0.66417193
0.728725
0.48460168
0.28252944
0.2715511
0.484404
0.28683802
0.1714958
0.3327783
0.3186375
0.27287808
0.1781798
0.49730587
0.29807976
0.68827444
0.42854175
0.791511
0.90786636
0.57924676
0.82210314
0.9253802
0.8626172
0.72947955
0.30536
0.886547
0.77554244
0.16707027
0.18929358
0.8807092
0.16806962
0.11973047
0.49342477
0.8914512
0.19774288
0.23506574
0.89260054
0.52755034
0.3802083
0.6394079
0.90716034
0.71607494
0.67733717
0.8862017
0.92112005
0.87868446
0.5812652
0.6460046
0.9320108
0.82205844
0.55433035
0.71456313
0.8978214
0.8144929
0.6326076
0.74565816
0.7055107
0.59726036
0.48413062
0.6244744
0.6633685
0.39130923
0.48484144
0.6133834
0.5189798
0.47685847
0.6595835
0.5866549
