0.12626241
0.29774708
0.28887716
0.22131577
0.21980135
0.2633739
0.22497411
0.20470385
0.19567771
0.2573043
0.21061751
0.22977263
0.21203843
0.20505783
0.46582487
0.21420929
0.2768316
0.26078397
0.28753936
0.30887112
0.33598018
0.22102626
0.25746945
0.43563715
0.29339603
0.08754262
0.2635478
0.5982957
0.18846503
0.14729413
0.6465894
0.86943597
0.5354085
0.6946448
0.85154796
0.6609595
0.80771935
0.81789565
0.6805702
0.51981336
0.6856371
0.77137774
0.8226974
0.55002064
0.5495896
0.53225124
0.42980608
0.2355045
0.3099948
0.24113598
0.21418612
0.112268955
0.16099523
0.13994037
0.17747435
0.110522754
0.25760666
0.22849956
0.259569
0.18588977
0.34623533
0.28158408
0.17776723
0.22885369
0.5757153
0.16963969
0.13852915
0.30583793
0.6406326
0.15900904
0.24433656
0.48226067
0.71959805
0.50426126
0.7354229
0.7390865
0.63958865
0.45284256
0.29964104
0.25698903
0.40888372
0.26176718
0.18463852
0.17990488
0.2783317
0.26518083
0.16883756
0.36684322
0.2966657
0.35611776
0.4772992
0.83006525
0.9229683
0.71192145
0.8737249
0.92187357
0.85567003
0.7657093
0.31205282
0.886828
0.6557332
0.17292051
0.2457087
0.8576432
0.17375065
0.076919846
0.3858925
0.16015829
0.088504665
0.10720924
0.89898837
0.6552647
0.3692022
0.6667842
0.9001145
0.76236844
0.64413136
0.8879416
0.942604
0.8897139
0.6204293
0.7452443
0.93289036
0.85002303
0.61699843
0.75922287
0.8817894
0.80759937
0.6275704
0.6607254
0.67624474
0.5673505
0.4736445
0.6170654
0.6832325
0.46514726
0.58698547
0.6560111
0.5466346
0.52288467
0.6681468
0.59831476
