0.1640435
0.29699504
0.24232422
0.15852125
0.15968876
0.14431177
0.13640448
0.13579425
0.108141944
0.14261654
0.12682006
0.15985173
0.14798653
0.1584609
0.25630787
0.16366626
0.22009039
0.2212902
0.19595431
0.22202498
0.30277422
0.20667568
0.20220877
0.41201496
0.5022658
0.12029018
0.2740705
0.6620395
0.33100513
0.24051236
0.6378912
0.89418787
0.6981405
0.77384007
0.8704213
0.78429693
0.845857
0.8852196
0.81395763
0.5758456
0.7369445
0.81147355
0.8026349
0.3424139
0.4858805
0.4957934
0.2730997
0.19963819
0.30682662
0.203041
0.24001206
0.14258991
0.16127743
0.13544585
0.19881487
0.13823846
0.21563473
0.14296927
0.20684351
0.14492416
0.22804488
0.21167159
0.22981793
0.17755003
0.33477327
0.11831151
0.27175766
0.31544027
0.35917404
0.16648065
0.3248264
0.5994166
0.75251013
0.7449846
0.73530203
0.7411976
0.75841635
0.52751005
0.41040924
0.30573916
0.50703746
0.27490354
0.16926116
0.2573067
0.26307288
0.14321129
0.08497624
0.15350711
0.15102673
0.2249843
0.20089701
0.7555645
0.911353
0.6412395
0.8489135
0.9280384
0.8830231
0.778337
0.29056045
0.89042526
0.78006995
0.12086249
0.19544023
0.8932682
0.20960335
0.12114244
0.4915812
0.9048284
0.24622627
0.2781119
0.9058902
0.84965307
0.38262925
0.6499685
0.9204556
0.7678857
0.64895433
0.8759662
0.93859893
0.90590894
0.55839366
0.568614
0.91806763
0.8664879
0.55884
0.6850767
0.88595223
0.82911265
0.6267586
0.7178384
0.6951092
0.63369817
0.41895607
0.60088784
0.6766277
0.4637711
0.5368842
0.60561246
0.5154957
0.4915086
0.6688902
0.59344834
