0.13181752
0.30312076
0.2706541
0.2020675
0.21608791
0.19021906
0.16259006
0.15206544
0.13275683
0.15953872
0.15896323
0.16250356
0.14664072
0.16264121
0.26393417
0.15304257
0.22970304
0.23413846
0.23296893
0.32768476
0.49949536
0.233149
0.18693829
0.42175686
0.5202772
0.08949353
0.26555192
0.6126023
0.29494438
0.20766813
0.7383666
0.89179003
0.61227536
0.7575506
0.8480225
0.71095395
0.81575257
0.8440375
0.7015991
0.5297699
0.7001594
0.760996
0.8351465
0.64806944
0.6053532
0.54238147
0.59307045
0.31683347
0.3327161
0.25632674
0.25876498
0.1462788
0.18090235
0.15045567
0.23435105
0.15248008
0.20257348
0.14439213
0.21111745
0.15103208
0.20162818
0.1929149
0.16586252
0.13689697
0.18833064
0.15300557
0.27364692
0.15023571
0.23153874
0.20923038
0.259503
0.2929716
0.5587492
0.5280854
0.5347492
0.5174085
0.5708347
0.49970847
0.2753055
0.24917358
0.48931944
0.3122538
0.19269933
0.25999546
0.32914117
0.412059
0.2424368
0.7193365
0.38454014
0.7806786
0.63553625
0.7993093
0.9059508
0.6046731
0.8322631
0.9229138
0.8492652
0.738351
0.29517117
0.8730984
0.70546556
0.1584108
0.18037955
0.85685545
0.16178292
0.13646032
0.50605834
0.8901911
0.19886078
0.24634284
0.89147145
0.600788
0.37216514
0.6119808
0.88729805
0.7785353
0.67393196
0.8741053
0.92324734
0.87934357
0.5581952
0.57024825
0.91243976
0.82823104
0.55415404
0.68929505
0.88637316
0.81154877
0.6106192
0.62207234
0.6402793
0.5686415
0.4303087
0.5871477
0.6831408
0.486149
0.5239562
0.66181666
0.58276486
0.5322169
0.660831
0.5865725
