0.13866478
0.24583033
0.27451438
0.19492213
0.18903263
0.18557227
0.19316529
0.17404574
0.11691891
0.1715375
0.19460402
0.2087885
0.21271835
0.23343994
0.58065945
0.27214152
0.4236281
0.38550138
0.36394885
0.36784518
0.3690675
0.2530394
0.23420182
0.40337828
0.46470478
0.09296002
0.26497978
0.5924531
0.22142614
0.18245456
0.68126833
0.8811053
0.5580548
0.74375415
0.8306092
0.71302044
0.80931926
0.8123443
0.6762046
0.51980406
0.6681509
0.740335
0.84416777
0.6831414
0.5962188
0.52062213
0.6257306
0.33512077
0.2551369
0.28126913
0.36042753
0.20518897
0.19651969
0.18927497
0.30387306
0.14860246
0.25763685
0.18716098
0.26942757
0.14363773
0.18011263
0.24743801
0.18136163
0.13812542
0.15006328
0.118483126
0.18412668
0.16454825
0.25318748
0.16823901
0.21293125
0.29552683
0.48400277
0.42193994
0.41311434
0.5004596
0.38590816
0.305316
0.20586535
0.22076674
0.371842
0.24713595
0.22921954
0.30544207
0.3317412
0.42355114
0.2270421
0.32388976
0.30176428
0.58676505
0.28102937
0.7435211
0.916048
0.6602612
0.8383691
0.9239594
0.87055355
0.7710542
0.37905225
0.9024199
0.78458756
0.2194496
0.24938034
0.8935515
0.16510081
0.1766722
0.71845037
0.89965713
0.26879078
0.39270222
0.91646737
0.7416079
0.49892348
0.66197467
0.92438114
0.7695098
0.67301327
0.8933367
0.9464496
0.9264158
0.6371308
0.67639816
0.92948943
0.8731309
0.6071294
0.7216433
0.8888889
0.8248584
0.5705881
0.69210356
0.67382705
0.48216587
0.35216588
0.57057935
0.6187078
0.31731418
0.4822728
0.6218553
0.49725538
0.49889
0.70688623
0.613155
