0.17713681
0.3318478
0.27981865
0.18599927
0.1676554
0.15752153
0.15827963
0.15681198
0.12932241
0.17020369
0.19405127
0.21526091
0.18884856
0.22874315
0.49907488
0.21212192
0.27955052
0.32402974
0.3557878
0.32601228
0.4600233
0.2841392
0.26421112
0.5315099
0.516946
0.17483433
0.34686932
0.63670534
0.36844453
0.5357397
0.8091369
0.8914866
0.63824964
0.68823826
0.7270559
0.71608865
0.83719945
0.86211216
0.6843477
0.5134554
0.75485766
0.7857051
0.84080404
0.5995261
0.57422787
0.53151965
0.6140443
0.30139852
0.41568816
0.32496163
0.363926
0.15144968
0.20010874
0.17242855
0.30879578
0.18049917
0.28691775
0.19583626
0.2775449
0.17207515
0.21094356
0.2406813
0.2941837
0.19464608
0.28911433
0.18577828
0.45247683
0.20953232
0.2825125
0.2828533
0.43812835
0.3285595
0.7594331
0.70790416
0.4179327
0.30531636
0.50899786
0.30368394
0.18222478
0.18452343
0.24942216
0.1976521
0.14628361
0.16260089
0.22868581
0.34877378
0.19557506
0.42228708
0.38223693
0.8125892
0.6300477
0.8028857
0.9164182
0.68423814
0.8479326
0.931763
0.8799232
0.78682965
0.34413967
0.8909085
0.79358137
0.19483764
0.20386553
0.8918329
0.17477895
0.15556206
0.50497156
0.89935887
0.20490316
0.25898904
0.90404236
0.6152003
0.40406382
0.654237
0.9145458
0.72328943
0.7221919
0.88650316
0.93656313
0.89801264
0.6361704
0.66905385
0.9318251
0.86756307
0.5808305
0.70312506
0.89737093
0.8377442
0.60963553
0.7142014
0.73781496
0.5873245
0.4222515
0.5962532
0.6706837
0.38479048
0.4097753
0.6177002
0.5296039
0.4808688
0.6569957
0.58894986
