0.13480192
0.31452948
0.31877232
0.18780564
0.18199973
0.19266978
0.17761949
0.1623908
0.13668485
0.2237218
0.22777943
0.18991548
0.20112704
0.20202224
0.37428507
0.14326455
0.2968219
0.3277014
0.19696209
0.2507039
0.35646614
0.20257854
0.15488543
0.26235086
0.37390214
0.094941616
0.22660081
0.5852179
0.3036439
0.23833428
0.6743576
0.8905069
0.6083766
0.76013607
0.8206069
0.7348885
0.8400133
0.81579274
0.6750927
0.5444715
0.6989511
0.7488482
0.82377404
0.6723619
0.60601646
0.5198511
0.5656119
0.31844816
0.3141142
0.22398669
0.24432239
0.12134996
0.14075561
0.12264265
0.15053064
0.08411299
0.17996798
0.20379525
0.19299658
0.13931537
0.33246815
0.26353925
0.19435623
0.1946637
0.53782165
0.16005448
0.19215195
0.40852532
0.68005145
0.19721451
0.39076266
0.5859304
0.70851403
0.4227837
0.5988776
0.7247131
0.70408595
0.59071285
0.4856875
0.285825
0.29970008
0.23496298
0.21119767
0.12556781
0.19296046
0.16648984
0.1189082
0.3565996
0.23333947
0.2712973
0.33675656
0.8185732
0.909989
0.77259743
0.8660358
0.9241522
0.8860187
0.7963753
0.32436094
0.8940634
0.77662086
0.18399508
0.26653722
0.9168423
0.37731108
0.16612543
0.5913756
0.9029684
0.25136158
0.24991983
0.9120326
0.84508
0.35337216
0.5877246
0.9270341
0.7092096
0.5630204
0.86691797
0.94129044
0.89697903
0.5611872
0.67309135
0.9244885
0.8398109
0.6301758
0.7690336
0.8805022
0.81711495
0.6983998
0.729131
0.6761381
0.6185343
0.4804294
0.5845577
0.66175026
0.45295554
0.5044891
0.5944668
0.50105214
0.4781199
0.65509343
0.5848446
