0.14410344
0.30958945
0.3073062
0.18754847
0.18806222
0.15947336
0.16077852
0.15299723
0.12785348
0.1636528
0.19307746
0.20021614
0.19998087
0.23124637
0.59106916
0.28183767
0.5005606
0.48124596
0.39955965
0.45219755
0.5637298
0.30356914
0.23865823
0.5061486
0.5920025
0.10574132
0.27823433
0.65019196
0.30024242
0.22691645
0.70989025
0.8977955
0.59870064
0.75867635
0.8550726
0.70984745
0.8181535
0.8435545
0.70168495
0.5140962
0.68795574
0.7579999
0.83115846
0.6493511
0.6010316
0.55043596
0.5858546
0.33266786
0.33819336
0.27651247
0.31943431
0.19327776
0.19647327
0.16103697
0.27652684
0.20381676
0.23858298
0.14319685
0.30457112
0.14357564
0.19323376
0.20564894
0.1900968
0.16841225
0.18698935
0.15809229
0.331316
0.21003163
0.24269551
0.24106453
0.37969527
0.35383326
0.65511936
0.47554305
0.31862712
0.308393
0.40365034
0.3077274
0.24541846
0.25610596
0.544201
0.2526959
0.19164282
0.39926234
0.32637918
0.2503583
0.17915505
0.47414583
0.32069793
0.38668683
0.35493806
0.82356304
0.91092557
0.64034176
0.859921
0.9304455
0.88654923
0.79537
0.29626733
0.90071064
0.7711318
0.12456675
0.19797166
0.89582133
0.22592126
0.124841236
0.48051456
0.9115052
0.23834759
0.23495321
0.9110145
0.8507678
0.36975437
0.6279766
0.9229333
0.7457213
0.62587655
0.87703955
0.9443687
0.8972876
0.5719522
0.6612504
0.9250926
0.8499546
0.5989274
0.76932114
0.8850662
0.8287894
0.7279587
0.75363356
0.68037015
0.61471015
0.49174008
0.5873207
0.66334295
0.46100676
0.51911813
0.5995182
0.5157242
0.48782718
0.66010284
0.58889675
