0.18782793
0.36408588
0.32308614
0.304427
0.33053923
0.26370987
0.20948611
0.2377568
0.18460712
0.1822649
0.21208222
0.21962589
0.15690817
0.1597974
0.28397527
0.14555295
0.21445408
0.21364962
0.18149427
0.2661125
0.3731663
0.20529424
0.17491378
0.41513246
0.49900344
0.08633991
0.26852313
0.6188815
0.30054733
0.21600233
0.7456192
0.8923565
0.6197925
0.7602051
0.84988683
0.71047884
0.81369114
0.8431704
0.6994756
0.52856976
0.69939643
0.7591231
0.8350513
0.64748406
0.60669076
0.5466323
0.6007801
0.32008475
0.34550563
0.26429653
0.2653735
0.14899829
0.1845727
0.15263578
0.23718528
0.15459259
0.2035338
0.14480267
0.21088295
0.14967354
0.1983935
0.19228669
0.16537686
0.13654387
0.18964173
0.15776527
0.2768837
0.15283738
0.23339514
0.2118703
0.26155713
0.29721507
0.5575252
0.5311025
0.5377828
0.5141777
0.56467664
0.50319517
0.27698982
0.24704091
0.49793795
0.3170676
0.19576114
0.25873822
0.33644137
0.41557816
0.23831338
0.7260076
0.39555064
0.78106207
0.6370015
0.80346966
0.906418
0.60060495
0.8307293
0.92259437
0.8503138
0.73784035
0.29096913
0.871978
0.7095774
0.15883498
0.17561686
0.85780454
0.16522644
0.13568352
0.49777672
0.89172983
0.20822853
0.24598108
0.8921338
0.6135685
0.37967816
0.6122867
0.887148
0.7845252
0.67832965
0.876782
0.9250628
0.8828908
0.5662752
0.5725872
0.9131461
0.8339661
0.5536866
0.6861244
0.8862178
0.81176615
0.60782903
0.6190555
0.6380014
0.56784976
0.42692137
0.5866495
0.68384683
0.48704994
0.52421063
0.66307026
0.5831838
0.53338206
0.6627687
0.588834
