0.1385242
0.30728254
0.2838882
0.19348289
0.19186355
0.21443553
0.1712866
0.17579156
0.15942144
0.18684736
0.18085451
0.20252977
0.23647211
0.19309542
0.22670105
0.1821142
0.23964542
0.22105072
0.24097443
0.3148188
0.33519673
0.2154069
0.21362697
0.54519224
0.5630722
0.11172752
0.3746877
0.7258974
0.3101367
0.43367574
0.7966101
0.89602005
0.6014761
0.7716804
0.85699165
0.7065006
0.80858046
0.8561172
0.70003176
0.5056136
0.6721121
0.7490014
0.82103616
0.629341
0.58806455
0.53822416
0.5702761
0.2907838
0.3055733
0.23635711
0.23632555
0.12295506
0.16976932
0.14363353
0.23107667
0.14468767
0.23785011
0.17130503
0.23340766
0.14696401
0.2078354
0.18137854
0.17146744
0.13285434
0.20333306
0.1229595
0.16243494
0.21671604
0.33645737
0.18651794
0.25247374
0.5127477
0.71680886
0.4242368
0.58693993
0.5813002
0.5734128
0.37651488
0.2624579
0.22808667
0.2924357
0.2314746
0.16747451
0.1870199
0.26551396
0.36003816
0.21374445
0.49497345
0.36715138
0.77436614
0.5870361
0.8031486
0.91342384
0.65472233
0.83892715
0.9283791
0.8766425
0.7840906
0.32691416
0.898705
0.7849969
0.19410723
0.18590587
0.8854169
0.17051695
0.11895333
0.509899
0.9077474
0.18249868
0.17340545
0.8945918
0.7568843
0.28160366
0.45142817
0.8959962
0.7555009
0.4943861
0.86947286
0.929086
0.91111684
0.5692433
0.6088205
0.9273778
0.8713242
0.5367089
0.5907676
0.88365346
0.79897183
0.5330101
0.6344637
0.68916285
0.5207718
0.32782856
0.6018541
0.6645101
0.40563226
0.5468262
0.6494829
0.5263757
0.5163567
0.6977575
0.60418975
