0.17324679
0.31285623
0.26035768
0.18768878
0.19439887
0.16269647
0.15949135
0.16861884
0.12406796
0.17587803
0.22025418
0.24855694
0.2103309
0.21750385
0.63536143
0.21954143
0.2615412
0.25275287
0.2054736
0.18955666
0.26199156
0.19942962
0.16370513
0.33617756
0.44230402
0.1071924
0.24196605
0.58826464
0.26883265
0.1892955
0.6793983
0.8914699
0.5926317
0.7403138
0.8255886
0.72304165
0.8204062
0.8128162
0.6557592
0.51973903
0.6596715
0.7369306
0.8296721
0.6643447
0.6064493
0.5309046
0.5712407
0.34612083
0.36440283
0.2895549
0.31788322
0.28356692
0.25108588
0.19503966
0.29330957
0.29542592
0.24833214
0.14916378
0.2564754
0.17683643
0.22855863
0.19009782
0.22809598
0.18549553
0.16250135
0.15189184
0.31351843
0.21788174
0.20952658
0.19389747
0.30365232
0.23246622
0.26827845
0.49367717
0.6299727
0.28901333
0.29518878
0.35387522
0.30112445
0.24307898
0.35263494
0.3327186
0.25643736
0.33328614
0.32837793
0.3558311
0.29818982
0.66800386
0.3436664
0.44151878
0.5053597
0.8045211
0.92375034
0.71352017
0.86006176
0.93352073
0.8828497
0.7915784
0.38806924
0.9088584
0.8201612
0.23865585
0.27340892
0.91859764
0.31015635
0.19625676
0.62177885
0.9157807
0.31509748
0.2914123
0.90475976
0.4848857
0.37095624
0.61951077
0.8922171
0.69868386
0.70005125
0.89729834
0.93020654
0.90158147
0.69784135
0.61293817
0.92922896
0.8811569
0.6048448
0.6438881
0.8897274
0.85021126
0.6634873
0.6440366
0.69113976
0.6142434
0.42515013
0.61368567
0.6962135
0.4806713
0.53714716
0.6339693
0.5444671
0.5158303
0.6851943
0.6032656
