0.18200895
0.34222925
0.2965601
0.18595435
0.1693693
0.17689745
0.16934796
0.16808173
0.14787605
0.19632985
0.20226008
0.24040374
0.21069738
0.24993657
0.58264756
0.21057232
0.2726458
0.34313244
0.25225487
0.21730226
0.2737008
0.20880863
0.1895179
0.36591706
0.35789025
0.13279685
0.30306756
0.6136115
0.32307953
0.41691852
0.8161466
0.8894137
0.70410234
0.79954684
0.8362865
0.76550686
0.8436754
0.85058147
0.68652296
0.5237636
0.7496247
0.7796614
0.84657085
0.6428173
0.58953303
0.5436889
0.6569338
0.42400065
0.42346048
0.3402897
0.41789088
0.15544824
0.18775804
0.15387043
0.23893434
0.13133678
0.25574437
0.189461
0.24758092
0.15936865
0.20023601
0.24818291
0.29404598
0.16038996
0.2038853
0.123759925
0.23440464
0.16890779
0.24547915
0.13183898
0.20206007
0.41796997
0.690845
0.45696944
0.7331894
0.672527
0.5352953
0.4697091
0.58332986
0.29181084
0.4128069
0.30878466
0.273544
0.2908447
0.27355292
0.31031397
0.17891802
0.3239331
0.25281912
0.6796256
0.4331648
0.8198884
0.91109574
0.5952944
0.8535714
0.930361
0.8737403
0.77944756
0.34027517
0.8904471
0.7868152
0.18337859
0.20338424
0.89409894
0.1777913
0.16293122
0.52320945
0.89916086
0.2295142
0.26561028
0.90534246
0.62201303
0.40605336
0.6608656
0.91739714
0.73038566
0.73897606
0.88778824
0.9294066
0.89474964
0.6248389
0.64061004
0.9296413
0.8688058
0.6015347
0.7242405
0.9034602
0.84807146
0.64450216
0.69497013
0.73601896
0.64528346
0.43926078
0.62629455
0.6864573
0.43817165
0.4847976
0.64529794
0.57170826
0.49858057
0.63910156
0.5863401
