0.14006636
0.3112057
0.35155758
0.2047604
0.21647888
0.19164541
0.20114027
0.17945172
0.1325227
0.18659492
0.22714002
0.25543904
0.22812612
0.24547116
0.6240755
0.24820064
0.34642866
0.32064408
0.37290937
0.33544496
0.34735104
0.27183288
0.26368687
0.4468397
0.5288627
0.1374297
0.36432236
0.6739704
0.29294166
0.304519
0.7626664
0.8887413
0.54841715
0.73101157
0.8654583
0.6880058
0.80768585
0.8436827
0.71316844
0.5173531
0.6631779
0.7447066
0.82822055
0.6429694
0.59366286
0.53574854
0.62457204
0.32472995
0.32239708
0.2553342
0.26685736
0.1417096
0.17678946
0.15865286
0.26165134
0.16718239
0.26297653
0.18226965
0.3233275
0.14990865
0.2346211
0.2318635
0.27038357
0.19254014
0.40961263
0.23581523
0.3107297
0.23808758
0.42416424
0.22584476
0.23939821
0.3206298
0.654009
0.3891492
0.32549372
0.39579085
0.5628863
0.33086947
0.22144637
0.26604104
0.5351432
0.30211252
0.23431118
0.35151285
0.38234624
0.30730557
0.22789636
0.37378094
0.30678153
0.4044094
0.30676836
0.76619095
0.91399384
0.5595123
0.84701014
0.92851865
0.891633
0.7790456
0.32904437
0.908862
0.80960584
0.19696863
0.23243076
0.8951366
0.21784785
0.16130619
0.6192457
0.907995
0.2052552
0.23527548
0.90839314
0.51789427
0.2884435
0.64450413
0.91074383
0.688435
0.60791916
0.889212
0.9325249
0.8647634
0.54912865
0.6925151
0.92903817
0.7813206
0.61033446
0.7885182
0.8870189
0.81252825
0.6893481
0.7425847
0.6675297
0.5774294
0.45448798
0.58187675
0.65136755
0.44873792
0.50229263
0.59381217
0.50174034
0.48265237
0.64603895
0.5828187
