0.1720261
0.31767082
0.25710967
0.17969263
0.19077833
0.15392177
0.15081514
0.16026756
0.11838305
0.16341522
0.21020903
0.23830238
0.20273791
0.21190563
0.6321261
0.21813783
0.25908208
0.25102103
0.20135432
0.18674605
0.2542864
0.19576703
0.1596977
0.33057636
0.43858087
0.102884606
0.23285604
0.5869756
0.26262057
0.18113223
0.6667802
0.8892615
0.5794431
0.71457654
0.819158
0.70329094
0.81002474
0.80263853
0.6382347
0.4916625
0.6315793
0.7196645
0.830732
0.65948963
0.59967315
0.54370546
0.5715868
0.3174462
0.35553783
0.2909808
0.3170985
0.25909737
0.23862164
0.20164737
0.32003316
0.21994206
0.2370662
0.15948586
0.31568897
0.17627671
0.23505647
0.21436043
0.24457
0.19060346
0.16128886
0.15208164
0.40171015
0.217287
0.20519762
0.19088352
0.31664658
0.2134491
0.24468619
0.45815784
0.6084497
0.2650394
0.27082464
0.34273654
0.28969586
0.23296246
0.34122816
0.31596014
0.24765688
0.31927997
0.32444617
0.34863016
0.27751747
0.65132886
0.35383314
0.43530148
0.48591483
0.8051764
0.92336434
0.6997665
0.8567768
0.9285656
0.87998414
0.75736123
0.2946874
0.9001716
0.7790745
0.18101755
0.23522772
0.9035904
0.26575002
0.1651449
0.61867255
0.91160285
0.28164065
0.32062408
0.90450466
0.66621566
0.35008785
0.6050383
0.9126116
0.6511951
0.5963166
0.8828324
0.9372302
0.87439656
0.5793792
0.67811203
0.91967684
0.77794766
0.6119648
0.78408384
0.88238764
0.8159453
0.7252278
0.7230511
0.66074204
0.5953767
0.4762443
0.57497793
0.6490458
0.44979778
0.49096394
0.59076
0.5098772
0.4867559
0.656303
0.58960295
