0.14780135
0.3262409
0.31035215
0.23544559
0.27338472
0.20565523
0.18511547
0.18062347
0.15553503
0.17994326
0.20016383
0.23613119
0.20203593
0.21706413
0.6966121
0.26020226
0.35312977
0.28145623
0.28932232
0.34167725
0.33706146
0.23708747
0.22821571
0.43666005
0.43328947
0.105282605
0.28609046
0.52739865
0.2219239
0.25096384
0.7288345
0.8756376
0.6611168
0.76096576
0.7704435
0.6840519
0.8295972
0.8368638
0.61031836
0.51434267
0.71687
0.7637841
0.82019913
0.6886058
0.5813777
0.5353931
0.58693093
0.4048825
0.46080038
0.2591343
0.26970497
0.22483733
0.2077887
0.15521379
0.18427788
0.15299618
0.18309969
0.112190425
0.17101926
0.11592588
0.1677858
0.17430048
0.16132125
0.11864936
0.17502232
0.12584537
0.2310798
0.13971224
0.27590814
0.2280888
0.19359085
0.25322825
0.58351517
0.4247726
0.26470095
0.31457388
0.5431351
0.41473427
0.5381203
0.30093053
0.55508024
0.2944951
0.29205608
0.30628484
0.2812387
0.2748783
0.17062305
0.1173619
0.15256195
0.2014789
0.17216513
0.6491055
0.9035904
0.6351274
0.8380681
0.9164958
0.8784091
0.7698735
0.27730313
0.8994634
0.7694199
0.19300735
0.31853798
0.9172436
0.42078796
0.197967
0.6241576
0.90496546
0.279608
0.26762652
0.90672106
0.8227861
0.3493675
0.6031998
0.91182685
0.72070396
0.5494062
0.8674809
0.9431926
0.90895385
0.6290398
0.68756354
0.93377054
0.8909133
0.6263954
0.71490014
0.8927452
0.8390559
0.6316766
0.6999086
0.7073603
0.5440753
0.35258737
0.5442234
0.6502929
0.39998162
0.4972875
0.645739
0.5349282
0.5125322
0.6820744
0.6014753
