0.1066104
0.17503954
0.19000846
0.16185433
0.14092082
0.1440746
0.15590216
0.15453663
0.15577656
0.17943108
0.17741264
0.26952237
0.24401283
0.35702643
0.21554773
0.23847876
0.24101062
0.3357159
0.2516353
0.35389194
0.4593049
0.6327958
0.24657112
0.18038078
0.30040932
0.25428063
0.117818974
0.17992622
0.40247014
0.2499609
0.21548484
0.5913258
0.87965065
0.54284286
0.6981096
0.7948165
0.68771625
0.82091236
0.8257543
0.6880373
0.48034254
0.6693383
0.77144855
0.82727987
0.6191351
0.5991901
0.57533807
0.5750733
0.3150895
0.33038032
0.23921818
0.23182681
0.13292332
0.15773232
0.12945198
0.2027401
0.12056
0.1875812
0.12289599
0.23468183
0.1122323
0.13537356
0.17838658
0.23181905
0.13883355
0.21363667
0.14352088
0.28835127
0.14657873
0.26211482
0.24737158
0.26667666
0.44184595
0.73080665
0.63429147
0.59826267
0.5000294
0.5084862
0.4635501
0.3910984
0.3145748
0.7843631
0.36547405
0.24693894
0.3759254
0.34972262
0.2383195
0.13144222
0.40733463
0.277199
0.31333452
0.29213795
0.77482116
0.8976697
0.52420354
0.85588104
0.93457896
0.8813409
0.7814979
0.3360659
0.9118423
0.69869214
0.14830293
0.2235058
0.8966318
0.177508
0.138693
0.66108257
0.91788167
0.25027657
0.30649367
0.91730756
0.8733822
0.4025637
0.6004232
0.92354846
0.79655427
0.6350542
0.8807152
0.9384674
0.92409265
0.5933694
0.6036497
0.92518806
0.88788444
0.5291988
0.55899596
0.8790222
0.8459806
0.50266415
0.68309265
0.7433899
0.5898791
0.37779823
0.6219918
0.69793016
0.42845568
0.40809205
0.63942385
0.5786516
0.52270037
0.70814526
0.6122532
