0.18562338
0.3268172
0.2592049
0.17920348
0.17004144
0.15620016
0.15410535
0.15361069
0.12518698
0.16319916
0.16679873
0.19458759
0.17887743
0.1903895
0.5449401
0.21083252
0.22580177
0.23325382
0.22635968
0.22519356
0.2694744
0.18782464
0.18727773
0.2597459
0.3759775
0.09749902
0.2521087
0.5497652
0.2524432
0.18881348
0.74278027
0.88722074
0.6268905
0.7954565
0.82051116
0.73421556
0.8332197
0.8498355
0.68426746
0.5419165
0.75180495
0.79204047
0.85006773
0.67147124
0.6217492
0.5476167
0.60002047
0.34706953
0.35891047
0.28094563
0.30508834
0.18352486
0.18827076
0.1432181
0.21099952
0.16141732
0.20429675
0.13740231
0.25143063
0.19928841
0.27864107
0.26737887
0.32936308
0.2822671
0.36086673
0.25471616
0.60059357
0.20674439
0.28002572
0.29084474
0.25167197
0.26674145
0.5886423
0.5144222
0.27828985
0.3042371
0.6140832
0.503738
0.29374
0.29241487
0.73748165
0.34229192
0.21325211
0.35124755
0.3523899
0.2791602
0.15264127
0.332193
0.28747976
0.3368335
0.34550005
0.77744687
0.91864634
0.65390885
0.85082287
0.9287917
0.88614124
0.7805449
0.2895349
0.8986123
0.7717313
0.117271334
0.19382294
0.89221615
0.21488313
0.11857344
0.477412
0.9065015
0.23335984
0.23551036
0.906446
0.84956586
0.3750193
0.6286779
0.92152786
0.7443266
0.6264691
0.8760391
0.9438477
0.89575016
0.567128
0.6570562
0.9233674
0.8467405
0.5984166
0.766248
0.88341886
0.82619286
0.72409457
0.75181776
0.6787081
0.609201
0.4810638
0.58308583
0.65913725
0.44822243
0.5081157
0.59600025
0.511542
0.4843249
0.6583296
0.58641165
