0.15391864
0.33437902
0.30671108
0.22057109
0.21048114
0.20476992
0.18717428
0.1904885
0.17070518
0.20075946
0.21196847
0.22261068
0.18366703
0.20924121
0.49591145
0.21874318
0.2775684
0.25354722
0.34818184
0.38637808
0.40060997
0.25549805
0.2319223
0.4067857
0.29075685
0.07383571
0.24644007
0.51446676
0.1728778
0.1814364
0.7506211
0.88056636
0.66953117
0.7735189
0.9024614
0.7610391
0.8348759
0.8732197
0.708159
0.44335133
0.64909375
0.7426373
0.8049079
0.5606268
0.5740188
0.5267922
0.6271475
0.32583258
0.44601792
0.32744515
0.3690282
0.29103944
0.275154
0.23827086
0.2913336
0.28419968
0.33944297
0.19736277
0.3039924
0.19955097
0.38331318
0.28452796
0.33104074
0.2748943
0.29173636
0.17687748
0.54777825
0.3299199
0.28085437
0.29871595
0.59027284
0.37318927
0.62497044
0.59003717
0.4393269
0.2794168
0.44452208
0.35031444
0.3091667
0.18055004
0.3770057
0.24412094
0.2695118
0.32709736
0.26164976
0.3001423
0.2814838
0.27323198
0.232257
0.3289208
0.22201562
0.7048535
0.90444493
0.6687253
0.8398882
0.9267042
0.86217046
0.75984806
0.35612983
0.89394003
0.69963825
0.14373036
0.2240824
0.8815278
0.1923518
0.106726274
0.42498913
0.88980246
0.1695245
0.21597658
0.90430623
0.75793517
0.35354465
0.57145685
0.9087721
0.66356546
0.52072453
0.86372393
0.931164
0.894241
0.557354
0.6430093
0.92755246
0.8653308
0.61555004
0.69034004
0.88889754
0.8244916
0.68191546
0.70626414
0.7034553
0.61739755
0.4011466
0.5520087
0.6241685
0.3961382
0.42613643
0.6005157
0.5114873
0.475814
0.66533977
0.5849181
