0.17421181
0.32016623
0.25111306
0.17001082
0.16190164
0.14491491
0.13969968
0.13485458
0.11069604
0.14292404
0.14676905
0.17237121
0.1523512
0.17148976
0.49909148
0.18585609
0.21820047
0.22850135
0.2202231
0.24255185
0.33668527
0.21750657
0.20529744
0.3017671
0.45350268
0.10459297
0.26993018
0.5795669
0.26478517
0.23042747
0.7524855
0.88918287
0.610657
0.78946394
0.8218628
0.7291013
0.831182
0.86703366
0.71137005
0.552548
0.7629907
0.80021185
0.8509527
0.67169636
0.63193536
0.5705044
0.61335623
0.3429663
0.34584162
0.2651778
0.2465724
0.13387296
0.17066045
0.13459904
0.17975025
0.14079623
0.19279152
0.12661384
0.22533831
0.17763615
0.20862624
0.21274284
0.29253265
0.22150578
0.28030238
0.22571895
0.43754935
0.18415806
0.27083075
0.2861366
0.24332659
0.27170986
0.598445
0.53107345
0.29028717
0.31884107
0.6186528
0.51544464
0.30227056
0.2970854
0.74027526
0.35011035
0.21411704
0.344852
0.34936973
0.27726394
0.15083009
0.328832
0.27894935
0.3360286
0.34104204
0.7744858
0.917222
0.656713
0.8494536
0.92823064
0.88486606
0.7666878
0.28929156
0.89660484
0.80790937
0.16284333
0.21085383
0.89759934
0.2710265
0.13259275
0.5115764
0.92041206
0.2900182
0.21956672
0.90056187
0.817795
0.31528053
0.502744
0.7989224
0.5880998
0.49797058
0.8740852
0.941374
0.90906125
0.600474
0.68169004
0.9309814
0.8536615
0.6295205
0.7588094
0.89366525
0.8234192
0.7576886
0.7310558
0.6735684
0.6233275
0.4649794
0.5737237
0.6569455
0.45696017
0.4889313
0.5920514
0.5127471
0.4846999
0.6509787
0.5852865
