0.19109146
0.3929794
0.34605217
0.22475322
0.27461243
0.29562154
0.1861287
0.19219373
0.17210831
0.21861856
0.19214761
0.2631203
0.22642814
0.2241246
0.438847
0.17254972
0.21135958
0.218498
0.16798204
0.16892155
0.2390429
0.15654211
0.16349873
0.31271797
0.2736734
0.10093185
0.21128279
0.56276375
0.24594536
0.2422907
0.68746233
0.8777268
0.5387504
0.70308465
0.76871896
0.6854207
0.81196934
0.8274226
0.6563146
0.54274106
0.7294878
0.7798345
0.8343511
0.62843
0.5890414
0.51975876
0.5053405
0.26782012
0.31640935
0.2609494
0.24339628
0.09344208
0.16834933
0.13116115
0.17960258
0.10031626
0.30926684
0.1691352
0.21770497
0.19882628
0.42796934
0.2542016
0.28555542
0.3385517
0.3908318
0.17270608
0.4220028
0.277176
0.34380427
0.25279793
0.27528146
0.46241865
0.6465639
0.6260906
0.51123303
0.557127
0.67751473
0.4103424
0.27102494
0.24356742
0.46387997
0.2696807
0.17273761
0.24446939
0.28982165
0.24711697
0.16464044
0.2996215
0.25794607
0.40060875
0.37718678
0.77772695
0.91743577
0.6673171
0.85283214
0.9240639
0.8790026
0.80111736
0.33103952
0.8991684
0.8219591
0.19836314
0.22032471
0.8964978
0.27770138
0.15964381
0.51862717
0.90814173
0.23970224
0.24203947
0.9044045
0.5397899
0.31246096
0.6312292
0.9187826
0.66627914
0.6228185
0.8775438
0.9313717
0.8671158
0.5392501
0.67094606
0.9276744
0.8002118
0.6019497
0.7911715
0.8980256
0.8214323
0.6808391
0.74619067
0.6831117
0.5564795
0.41141844
0.55494744
0.6077618
0.3919388
0.42357773
0.59950984
0.51838464
0.47249883
0.6396829
0.5809493
