0.0110348705
0.022162165
0.031848416
0.03549105
0.03865563
0.03225878
0.027069302
0.034190834
0.030637825
0.040032696
0.053405453
0.035017315
0.035895463
0.038217165
0.034851186
0.053303596
0.11668447
0.10592588
0.061478928
0.054365356
0.06596012
0.07174361
0.082082674
0.10614637
0.120427035
0.12972593
0.14575335
0.13679624
0.12784341
0.14226432
0.14654748
0.14954342
0.16804159
0.22678994
0.3237002
0.42907912
0.59354895
0.4892696
0.24552464
0.2753372
0.18088953
0.17489061
0.15191253
0.10973018
0.15639874
0.16212025
0.19969486
0.14368348
0.17982559
0.5168244
0.17300984
0.24557917
0.2657942
0.2742729
0.21724778
0.25050297
0.21726264
0.19073865
0.31797448
0.32624856
0.08466568
0.24803531
0.5348372
0.05572721
0.055794146
0.05343706
0.035080567
0.030200813
0.038009454
0.03834168
0.035247993
0.049942773
0.06070558
0.06958659
0.05797991
0.0837285
0.09276243
0.09498689
0.077833444
0.07925044
0.09552541
0.16837218
0.18179044
0.18931916
0.241559
0.25516057
0.113096915
0.10139129
0.062836535
0.060157843
0.034445018
0.024637748
0.020206252
0.023515299
0.18643714
0.376765
0.38776347
0.25494757
0.31757322
0.6203615
0.19023363
0.47124603
0.5080012
0.7106263
0.2106957
0.39608237
0.559143
0.75671226
0.4711038
0.5762514
0.6822719
0.7508862
0.6113612
0.5524659
0.31335062
0.44041392
0.27920088
0.17407827
0.23836744
0.22650884
0.14847961
0.09674708
0.32660663
0.17690608
0.19225495
0.24027485
0.73268175
0.8915195
0.5726921
0.83128685
0.91768265
0.8498279
0.7095914
0.23283277
0.86474466
0.7013925
0.15415698
0.23815401
0.9112041
0.34927166
0.15194984
0.5730602
0.8986557
0.2464567
0.23605983
0.89539516
0.82493705
0.33079782
0.54516596
0.91697216
0.6743828
0.53952664
0.8405738
0.9338742
0.88156873
0.5332023
0.6448825
0.91784805
0.8098806
0.6153742
0.7576043
0.8752077
0.80929303
0.6836658
0.7050817
0.6502952
0.5884512
0.4427641
0.56419843
0.64685565
0.42236277
0.47508392
0.5874428
0.49511063
0.4768744
0.6443489
0.57803166
