0.13562846
0.30969924
0.3242561
0.207995
0.19706893
0.1920021
0.18887918
0.16920936
0.13884753
0.19620423
0.18704613
0.1905675
0.19504279
0.21386312
0.2983149
0.17720555
0.32712704
0.27686244
0.21585298
0.23182628
0.299288
0.20415659
0.22137782
0.39485395
0.40608907
0.11310342
0.22569118
0.52636564
0.24813142
0.1999677
0.66921353
0.886383
0.6089786
0.81871396
0.8440072
0.7483273
0.84173936
0.84654045
0.7308059
0.55559635
0.7288304
0.79355043
0.85138386
0.66267776
0.61378443
0.5618784
0.59051114
0.30514497
0.30688217
0.2479108
0.2409114
0.1121985
0.16585948
0.15077887
0.2142383
0.11715023
0.22498645
0.22541155
0.22068569
0.13555472
0.25175813
0.36929253
0.25494388
0.21983868
0.51400924
0.20244199
0.30378106
0.3387706
0.5131777
0.24087359
0.2816565
0.61286545
0.7814547
0.7261681
0.7082309
0.72795117
0.74021524
0.60376394
0.3614028
0.25279114
0.41972148
0.22081058
0.13547815
0.20261277
0.2238346
0.14424397
0.08833724
0.13116513
0.16281417
0.24959
0.2628468
0.78760576
0.91169107
0.6937769
0.8376949
0.9242208
0.8533543
0.7900445
0.35249257
0.89762324
0.7728601
0.18204328
0.26100802
0.8892771
0.26433343
0.19037068
0.5248657
0.8876746
0.209059
0.21607114
0.89873546
0.5077444
0.3430474
0.6594502
0.8638433
0.6152753
0.64546144
0.8899108
0.9148475
0.91120064
0.85810465
0.69735783
0.9328447
0.88349915
0.58609414
0.62313795
0.88344604
0.8337398
0.6098037
0.68680733
0.6582057
0.51451635
0.37774554
0.56876206
0.6233968
0.36466697
0.46613985
0.61844
0.508832
0.5044862
0.7077714
0.60403436
