0.13294566
0.28043193
0.24557787
0.17631227
0.17332147
0.20952162
0.15873957
0.15759368
0.11893953
0.1630238
0.13556036
0.18352655
0.17881607
0.17200726
0.24079578
0.16119237
0.25594983
0.22513323
0.21925549
0.2519097
0.3721917
0.22038445
0.22354938
0.42577782
0.41705146
0.12063458
0.27835202
0.5575423
0.26909265
0.30939254
0.7309171
0.872963
0.55758613
0.7501871
0.76453084
0.696625
0.8093058
0.83790725
0.65315294
0.5054092
0.6861901
0.7528059
0.82551503
0.613675
0.58342266
0.5214975
0.53183466
0.3085168
0.31403553
0.31369224
0.38784045
0.16460119
0.19544262
0.17162998
0.26969436
0.17069757
0.2368693
0.15871263
0.20593764
0.129709
0.12177613
0.16242857
0.11717224
0.12310101
0.14730969
0.12304971
0.1719836
0.14583157
0.3394638
0.28908592
0.22929384
0.37116158
0.7443704
0.7850908
0.51912904
0.55232865
0.769577
0.42024085
0.29362422
0.3191988
0.75874436
0.35218823
0.2158449
0.46773905
0.3629379
0.29213694
0.14136072
0.27767083
0.2451099
0.2676676
0.3322485
0.8105956
0.9129329
0.5949041
0.83905774
0.9279341
0.8702988
0.72956395
0.25143924
0.89692175
0.75305027
0.1441555
0.24458586
0.91080827
0.34081772
0.11667238
0.52886504
0.90391064
0.2203313
0.22620934
0.9050545
0.8672187
0.39663473
0.52509886
0.9183894
0.7208999
0.52186227
0.8589546
0.94037807
0.901134
0.56193864
0.6857595
0.92510504
0.8437933
0.6311378
0.7562639
0.8785681
0.81988674
0.69670326
0.72155875
0.67237896
0.6286076
0.46881175
0.5858631
0.6625783
0.45304832
0.50218195
0.5992605
0.5118347
0.49060914
0.6615188
0.58979803
