0.147233
0.30780104
0.30638537
0.21279539
0.22315302
0.20654933
0.20101345
0.17787941
0.11832206
0.16965985
0.18844748
0.21312572
0.2116954
0.23293383
0.6343338
0.31112754
0.44455042
0.39487648
0.3925359
0.41346762
0.38660216
0.25975674
0.24435121
0.4124252
0.45925757
0.09114921
0.26279953
0.58260024
0.21121778
0.17170307
0.67450833
0.8764007
0.53331035
0.7310941
0.812216
0.68663555
0.810156
0.8238288
0.66756487
0.51598936
0.7245198
0.7682667
0.84286475
0.6807541
0.60322714
0.5206692
0.5743834
0.41520172
0.31066525
0.23949546
0.30773002
0.26256
0.21964946
0.20022061
0.5195064
0.26869857
0.3188884
0.24478361
0.4075945
0.17642657
0.18267956
0.27795893
0.22066545
0.13932374
0.14857613
0.11076909
0.20370992
0.15276954
0.22846916
0.15459125
0.21010102
0.27248916
0.4548619
0.40565202
0.3955915
0.47629416
0.3781653
0.30150267
0.20366909
0.21803269
0.3703231
0.24231125
0.22687608
0.30311325
0.32813102
0.41737166
0.22122233
0.31952596
0.29669413
0.57652676
0.2730073
0.7405301
0.91550565
0.6539224
0.83636206
0.9233632
0.869174
0.76716137
0.36934668
0.9018043
0.7822862
0.21623763
0.24811387
0.89276147
0.16470167
0.17532828
0.7164659
0.8989906
0.2652025
0.38886073
0.91610426
0.7350751
0.49372366
0.6592209
0.9238513
0.7675687
0.6727783
0.8927965
0.9461827
0.9259824
0.6358643
0.67380935
0.9294526
0.8736084
0.6057036
0.72090393
0.88930106
0.82537264
0.5685976
0.690907
0.6732176
0.4818694
0.34959602
0.5685264
0.61966527
0.31716627
0.48285365
0.62177044
0.49760008
0.49866995
0.70678204
0.6130082
