0.16834556
0.33995706
0.3329726
0.24519235
0.2509858
0.24545445
0.20455356
0.21934974
0.17042972
0.19854528
0.20212498
0.20936427
0.17480855
0.17256516
0.38196868
0.1576588
0.20608424
0.20423941
0.1675079
0.1873139
0.26517665
0.17916372
0.15145524
0.3172289
0.4109372
0.08909815
0.20826547
0.52376753
0.23896433
0.16334881
0.629133
0.8814005
0.5596832
0.7200216
0.80293214
0.7014574
0.80586106
0.8022065
0.6457164
0.5135994
0.67031604
0.74322814
0.83711624
0.65347093
0.6008716
0.54478556
0.59877384
0.32171267
0.33926737
0.26031527
0.26424378
0.1550653
0.1791296
0.14494576
0.23446888
0.15262005
0.20828883
0.14920737
0.21275531
0.14365692
0.20674942
0.22754264
0.21460876
0.2046641
0.28222966
0.17574586
0.4106059
0.294871
0.29485786
0.20853111
0.37840685
0.48923334
0.71539104
0.59457844
0.6330397
0.4495816
0.4133026
0.3939216
0.2658312
0.21875763
0.39916494
0.28682736
0.18684466
0.2208709
0.2852649
0.3364542
0.20474838
0.49557757
0.37413242
0.7483612
0.58477443
0.817181
0.9121781
0.61391866
0.8425572
0.9291247
0.86919224
0.7456892
0.29629597
0.89979416
0.65780413
0.17598504
0.21313857
0.8970543
0.17607616
0.14091793
0.6513141
0.9026728
0.22632939
0.2645522
0.91780144
0.6054729
0.3340984
0.64016736
0.9210719
0.68784624
0.5328619
0.8804359
0.9389707
0.86812645
0.5737236
0.70980847
0.93063354
0.80173135
0.6406516
0.7715209
0.88672733
0.810616
0.690539
0.7232389
0.6631034
0.6128843
0.4505186
0.5737246
0.64798635
0.43299198
0.48279113
0.592713
0.506872
0.4843513
0.65822196
0.5869499
