0.15136775
0.30385894
0.2496235
0.19545092
0.19150941
0.18882863
0.16855861
0.17054527
0.14175016
0.17753439
0.15574262
0.19781363
0.20617586
0.2012176
0.2914471
0.19867915
0.2745063
0.24132329
0.2687592
0.31171003
0.3816215
0.2419773
0.2134824
0.34749866
0.3583319
0.15521075
0.26591986
0.43530214
0.2857221
0.36747056
0.7074147
0.8561623
0.5944617
0.7249632
0.59107643
0.54136235
0.78342164
0.77408576
0.62101185
0.45794648
0.6577399
0.7274042
0.78780437
0.55359554
0.52492136
0.50106573
0.40309566
0.30364853
0.3512782
0.29409355
0.26832026
0.16533357
0.18961577
0.16280954
0.23089623
0.12782747
0.22413497
0.19219504
0.2673761
0.18380249
0.30480373
0.3336286
0.24211794
0.17816818
0.43155077
0.17643243
0.28121033
0.27846852
0.570147
0.26482862
0.46147156
0.4421537
0.7676854
0.74800175
0.6180126
0.7010425
0.757797
0.72409326
0.57876176
0.3546137
0.656416
0.37326777
0.24180494
0.43272853
0.36666742
0.37629136
0.22151761
0.4883722
0.2597759
0.70953566
0.44561407
0.7541276
0.9055188
0.6505058
0.84427863
0.92800796
0.8715329
0.7893907
0.34651184
0.89442253
0.79759324
0.20091839
0.21974544
0.89820606
0.18258303
0.16965786
0.5498138
0.8965925
0.21923122
0.28586972
0.90223294
0.62389904
0.41312724
0.6585284
0.9160112
0.7290122
0.7263199
0.8877513
0.9367712
0.8986862
0.63924485
0.6768329
0.93308616
0.8715348
0.5974673
0.71987826
0.9006994
0.8401001
0.62536
0.7238369
0.7471225
0.6067419
0.44423488
0.6087041
0.6801169
0.4086204
0.43522745
0.6288139
0.5436248
0.49338686
0.6667164
0.59643704
