0.1669192
0.30651075
0.24767575
0.16211323
0.15865155
0.14112009
0.13627915
0.13659358
0.11041288
0.15144365
0.14378333
0.18468721
0.16240896
0.17581053
0.35801974
0.17939198
0.23332898
0.23758133
0.25171444
0.2861447
0.38379622
0.2254973
0.21701658
0.46102896
0.58387226
0.11646437
0.25001034
0.59720737
0.30849048
0.20858715
0.6260506
0.8895063
0.6617648
0.7344789
0.86645675
0.75620186
0.83626413
0.8501551
0.7870982
0.5510132
0.7231875
0.79647917
0.82959753
0.33874884
0.46114573
0.50198704
0.30494487
0.21053962
0.3360975
0.22473654
0.26437017
0.14823398
0.16383292
0.13344103
0.19239625
0.13728243
0.20356944
0.1502938
0.22356768
0.15529563
0.25452024
0.28231686
0.27700478
0.23046282
0.4208745
0.15768446
0.40971446
0.38926613
0.43299934
0.20379801
0.28420314
0.569814
0.7490372
0.7639498
0.73029727
0.7211231
0.7667886
0.61961067
0.3917606
0.27894723
0.63578457
0.31378117
0.1690243
0.35032237
0.3238152
0.21761666
0.1008897
0.18909822
0.18078634
0.24287708
0.29356453
0.79210144
0.9132487
0.62203443
0.84719586
0.9298596
0.8789022
0.7714554
0.27788815
0.89554065
0.779883
0.12717226
0.19803949
0.89157206
0.21015461
0.116399676
0.48254585
0.9067647
0.22400387
0.23053859
0.9051284
0.85217625
0.36787176
0.63280505
0.92136
0.7492581
0.63733846
0.87902725
0.9442052
0.9018995
0.5706169
0.63103163
0.9220011
0.8558432
0.5849108
0.7463325
0.88308287
0.82660645
0.69613534
0.73991716
0.68079185
0.6102479
0.4543629
0.5919314
0.66951007
0.4499459
0.51026696
0.5987047
0.51129454
0.48539072
0.6567055
0.5887249
