0.15931849
0.327684
0.24798235
0.18867773
0.15536608
0.1974233
0.1684975
0.18417838
0.16030699
0.20453283
0.20910169
0.2704531
0.24922377
0.2201636
0.5636271
0.20895423
0.26241592
0.23794705
0.27823204
0.29697204
0.32836303
0.23480695
0.1941133
0.38279408
0.3511978
0.07928001
0.28215846
0.5910716
0.20999646
0.19894922
0.7236027
0.88902456
0.66982406
0.7518288
0.89734775
0.87914693
0.8568868
0.82298726
0.70161724
0.5510463
0.6264081
0.74592173
0.8044864
0.599983
0.56528306
0.5086667
0.5218565
0.29862922
0.32946715
0.27072936
0.29679987
0.14863272
0.1966519
0.15712558
0.20194195
0.13267078
0.31788117
0.17801687
0.21358062
0.1559341
0.27659002
0.27820536
0.25713822
0.33463487
0.6029674
0.24719605
0.4948933
0.41613603
0.49270886
0.2245114
0.27261895
0.56271464
0.7434897
0.67770916
0.58285606
0.66105986
0.6631161
0.42783436
0.27253255
0.25507513
0.46191087
0.27286422
0.19588552
0.3187609
0.29944575
0.2548835
0.16193087
0.30521655
0.25385478
0.4068509
0.3905055
0.7956429
0.9177759
0.6900996
0.8502654
0.9279125
0.88231385
0.80092305
0.35948098
0.9157737
0.85531145
0.33857504
0.33536002
0.9246705
0.32218757
0.24716765
0.6402383
0.9179715
0.32415226
0.3024354
0.91953814
0.62769914
0.36001953
0.60599333
0.93250895
0.7022834
0.5987642
0.89366215
0.94536984
0.8994365
0.6425378
0.70301217
0.93340266
0.85543853
0.6283506
0.7563714
0.88786715
0.82332927
0.7025949
0.727391
0.6848782
0.63626695
0.48094648
0.5927295
0.67318815
0.46470803
0.519789
0.60813165
0.51906544
0.49514207
0.6642209
0.5887755
