0.008331582
0.022143027
0.026595427
0.03660077
0.04594144
0.046801053
0.03964759
0.053720143
0.050168738
0.08519737
0.10634064
0.07451318
0.073885255
0.09039044
0.068402745
0.08326331
0.16514295
0.16444612
0.120347574
0.14470944
0.10971241
0.14925611
0.16823341
0.21470545
0.22940348
0.2908585
0.19703303
0.17867094
0.1720216
0.21792188
0.17917266
0.1682437
0.20080727
0.24416572
0.24542609
0.37430808
0.48984733
0.40291253
0.22471656
0.23269211
0.17419404
0.18513805
0.16309041
0.13779043
0.19281416
0.23043497
0.20443328
0.14887717
0.19574875
0.34552673
0.13779135
0.23155211
0.25295907
0.1744492
0.1591308
0.23910253
0.16454835
0.13056459
0.24086241
0.36694083
0.0646148
0.19602816
0.5677092
0.25337267
0.16277303
0.6668183
0.8984498
0.5858416
0.7977223
0.8359586
0.7423901
0.8272743
0.8255046
0.6971214
0.49993598
0.6785203
0.76124936
0.8323851
0.6385701
0.5837496
0.5477453
0.5586802
0.3162258
0.3109335
0.25571513
0.29081276
0.16919206
0.18421565
0.15219486
0.22014603
0.1497794
0.22539505
0.1453842
0.21854043
0.12154986
0.19285013
0.22778018
0.117416516
0.14956924
0.20855477
0.12869233
0.25591487
0.16145138
0.21845052
0.15834469
0.22795542
0.25973856
0.52605176
0.30730218
0.2768128
0.42056063
0.31245312
0.2959377
0.2651477
0.25053924
0.41278383
0.20438029
0.16159312
0.25934654
0.24336708
0.19243072
0.12437574
0.39047453
0.23527695
0.24873483
0.28984994
0.8054526
0.89189965
0.634229
0.8418326
0.9180827
0.8616289
0.73254454
0.26995367
0.8711929
0.7231247
0.16872697
0.25708717
0.91296667
0.35105962
0.15970126
0.5795937
0.90009856
0.25113654
0.24124394
0.898286
0.8278168
0.33062243
0.55562687
0.9182942
0.6804553
0.5452083
0.8412248
0.9344445
0.88136256
0.5360771
0.65426004
0.91998345
0.812935
0.6211882
0.7620821
0.87592626
0.81069136
0.68860894
0.71147156
0.6577434
0.6016046
0.46793744
0.578009
0.65302646
0.43645307
0.4910005
0.5912403
0.49782547
0.4801537
0.64747894
0.58006877
