0.13910055
0.3014537
0.27819473
0.18237123
0.18388796
0.17973337
0.1720229
0.17033255
0.14815892
0.18286063
0.17697386
0.19616711
0.21454236
0.19131523
0.2657503
0.18574116
0.3100689
0.26903805
0.2789906
0.35952467
0.4945123
0.25505123
0.28166628
0.54770267
0.56962514
0.14096807
0.4105109
0.7778611
0.36635542
0.27095357
0.7944306
0.8998484
0.6561745
0.7097746
0.896402
0.7617709
0.8293529
0.87155384
0.8107159
0.54073113
0.7221427
0.8053469
0.8021775
0.24195564
0.5346877
0.60138893
0.37414235
0.24302366
0.3858073
0.2384732
0.1806937
0.13469556
0.16057208
0.12987962
0.17980298
0.133411
0.222644
0.14521347
0.19116794
0.12088258
0.14994697
0.15353349
0.14697121
0.15743408
0.18249677
0.14638858
0.24998266
0.16330875
0.21273263
0.14845854
0.17629021
0.34861735
0.66757655
0.4829668
0.64204156
0.63379365
0.49126545
0.3955022
0.4017816
0.27178514
0.43655506
0.32669985
0.24177149
0.22365566
0.2942281
0.24900027
0.15127832
0.18681695
0.1984957
0.29562974
0.28724226
0.7706634
0.91162497
0.651851
0.8408173
0.92339665
0.86506444
0.7586952
0.27018526
0.8805214
0.7570164
0.15662725
0.21669643
0.8842297
0.27016768
0.14397404
0.53155357
0.909102
0.2769274
0.2674079
0.8435296
0.837071
0.3641907
0.62677234
0.9058827
0.7462513
0.6369511
0.869248
0.9364161
0.895205
0.53156817
0.60439783
0.92144966
0.84317243
0.5587143
0.7348003
0.88125074
0.816334
0.65502787
0.7184078
0.6719989
0.59267795
0.41441008
0.5881588
0.6603076
0.4302002
0.48908752
0.5955102
0.50526464
0.4839029
0.6587337
0.5888974
