0.17634837
0.3354667
0.29757008
0.18400745
0.1676102
0.17218085
0.16565208
0.16499382
0.14300069
0.19399396
0.19396476
0.23861848
0.20923392
0.24839137
0.5825738
0.21057849
0.2731381
0.34982038
0.2581963
0.2290616
0.2822957
0.21296126
0.19701937
0.38810584
0.37695578
0.13746269
0.3218558
0.6328163
0.3303396
0.43521813
0.8219069
0.8921096
0.70945483
0.79997724
0.8385483
0.76599157
0.8431847
0.8504579
0.6893284
0.52162343
0.74126166
0.77656275
0.84486663
0.63820565
0.584955
0.53952056
0.65316
0.42261344
0.42435625
0.33149105
0.4035868
0.15310718
0.18595892
0.1500658
0.23019354
0.12990414
0.25365207
0.17748071
0.23392776
0.15080994
0.1945517
0.2233906
0.2304753
0.16523544
0.20899597
0.12867832
0.22959448
0.17852893
0.2556834
0.15689999
0.2400204
0.430456
0.7085723
0.45755294
0.6990234
0.65074223
0.5972468
0.37306035
0.27886042
0.23409256
0.30150768
0.266347
0.24137826
0.28284484
0.28552812
0.32224646
0.19633812
0.39904955
0.3004301
0.72811455
0.49612826
0.7994267
0.9125412
0.6188078
0.8371395
0.9289929
0.86604214
0.7601727
0.32136053
0.886682
0.778147
0.18357487
0.20014705
0.8889909
0.16811645
0.15206498
0.50274265
0.89738667
0.19773485
0.25312045
0.9017285
0.6130401
0.39914572
0.64814943
0.9127958
0.72128123
0.7198665
0.8857431
0.9351766
0.8964113
0.6332625
0.6649906
0.93092024
0.866951
0.5803684
0.70130384
0.8970678
0.8370028
0.6061705
0.71130055
0.7354223
0.5865481
0.42095014
0.5951352
0.66996896
0.38684365
0.4093177
0.6171744
0.52993065
0.4812236
0.65510756
0.58736646
