0.1385996
0.32255366
0.36652616
0.2360224
0.24546956
0.23804465
0.23801121
0.20788172
0.18272021
0.23412137
0.25443652
0.22416012
0.21572751
0.22303152
0.4345295
0.17337503
0.2766125
0.2547167
0.22149588
0.22067985
0.28279305
0.19401802
0.1721555
0.33313063
0.4197426
0.100335404
0.2651866
0.61471015
0.2709848
0.19829506
0.6865908
0.88910437
0.5967151
0.7763161
0.83691686
0.7235283
0.820188
0.8211208
0.6867019
0.5224028
0.6789767
0.76196927
0.8416876
0.66164863
0.6085768
0.5686863
0.6024326
0.35154614
0.36926875
0.31222546
0.33754855
0.2009733
0.20025633
0.17360997
0.23987606
0.16671799
0.23420456
0.14947665
0.2300243
0.1353249
0.20532337
0.23993468
0.15196611
0.1707119
0.24034856
0.15644771
0.2886918
0.19132793
0.24950077
0.18712173
0.25760806
0.31070274
0.581335
0.3508009
0.31141764
0.47413635
0.35482723
0.319829
0.2840041
0.2715767
0.4746095
0.22040325
0.18190183
0.2950943
0.2710383
0.21839637
0.14813459
0.46100938
0.29196617
0.28034618
0.36140504
0.843782
0.9080268
0.6975214
0.8656561
0.9306197
0.88744897
0.78976697
0.33100757
0.8993156
0.7703423
0.19714308
0.31006125
0.92661464
0.4163405
0.1925779
0.63076353
0.9111181
0.29193446
0.272141
0.91606784
0.8548218
0.36427078
0.6104116
0.9289143
0.7179067
0.5695448
0.8693137
0.9418664
0.89800626
0.5695556
0.6794723
0.9252064
0.8418306
0.633765
0.7687534
0.880473
0.818496
0.70123166
0.73214114
0.68237936
0.6293665
0.49569812
0.5938781
0.6697767
0.472309
0.5317084
0.60847616
0.51811856
0.4951131
0.66083556
0.5900327
