0.14656743
0.34184784
0.3739556
0.23557703
0.25405505
0.2462488
0.23553798
0.2112527
0.200767
0.23728329
0.23496027
0.24426562
0.28644863
0.24700849
0.48858696
0.23200178
0.35713848
0.2961187
0.2966849
0.2770879
0.32784107
0.2116666
0.19158687
0.40358695
0.51670456
0.11051699
0.29557812
0.6407247
0.28056788
0.23629668
0.71450555
0.8886611
0.58009744
0.7645719
0.8392391
0.70883244
0.81519544
0.8238933
0.68850857
0.5138024
0.67856896
0.7588078
0.83522177
0.6556513
0.6081147
0.56345093
0.59392506
0.34667727
0.35878983
0.28111064
0.300269
0.17734729
0.18418227
0.1483018
0.20573905
0.14957376
0.23777562
0.14296499
0.22500648
0.15838368
0.25597626
0.2963805
0.26006225
0.25867668
0.3889974
0.18172903
0.32988197
0.21425807
0.24320106
0.159518
0.23878345
0.37210432
0.52080923
0.44784683
0.63411987
0.56761473
0.3318737
0.45284963
0.41682136
0.31722707
0.4651927
0.32058448
0.248488
0.29940227
0.30048317
0.24474482
0.1392776
0.21602762
0.20228523
0.31204307
0.30876324
0.802306
0.91427857
0.6661911
0.8477215
0.92733383
0.88539857
0.7877641
0.2931396
0.8960137
0.7982727
0.13021243
0.20031808
0.89666486
0.2219316
0.12255063
0.48247835
0.90922797
0.2290089
0.23020142
0.9083279
0.8527045
0.36637887
0.62762505
0.92239684
0.7413342
0.6258767
0.8768581
0.94402766
0.89716697
0.5663735
0.6563643
0.9241831
0.8481567
0.599998
0.7680688
0.8850163
0.8273622
0.7257235
0.75475395
0.6826867
0.61677104
0.49731487
0.592101
0.6667584
0.468442
0.52902174
0.60509753
0.52052236
0.4911003
0.6596509
0.58896923
