0.17257546
0.32083768
0.27544945
0.18730685
0.17781538
0.16949692
0.16396365
0.17920603
0.14326712
0.17585976
0.17967094
0.2229155
0.21824963
0.22089724
0.45546794
0.19220366
0.22679046
0.22722803
0.20338418
0.21289851
0.2716138
0.20890848
0.195554
0.43637744
0.49407408
0.14521559
0.34196302
0.6968536
0.37816712
0.4568051
0.81032574
0.89315706
0.7110105
0.77240366
0.7935142
0.6866667
0.8353761
0.857501
0.6924567
0.52115744
0.75526804
0.77405703
0.8401379
0.64041626
0.56776613
0.5246095
0.59193337
0.32611954
0.36336932
0.30344602
0.35945988
0.14677453
0.20215856
0.16567996
0.25838292
0.20807107
0.34831765
0.2123025
0.30961287
0.22498831
0.27771127
0.23241988
0.27388194
0.15282978
0.17305416
0.1366921
0.23979984
0.18795328
0.22726321
0.2293369
0.3436163
0.28978047
0.7235184
0.76378924
0.46098346
0.33117577
0.5734219
0.33428678
0.19735083
0.22483277
0.5020596
0.27289313
0.18613851
0.45574042
0.33878982
0.3374617
0.2178194
0.72266746
0.31817198
0.6996748
0.48255318
0.78930235
0.89801097
0.5682699
0.82284766
0.927035
0.85392046
0.7467313
0.30440515
0.8834736
0.7733945
0.1968521
0.20213006
0.89156
0.17385633
0.1560058
0.5284721
0.8977407
0.20535651
0.26091078
0.89600474
0.61126345
0.377792
0.6387458
0.9100215
0.7059338
0.6181846
0.8780577
0.9370079
0.9003701
0.6059083
0.66658205
0.93513596
0.8731515
0.57214826
0.68694323
0.8998514
0.8409272
0.55431765
0.72126514
0.7521823
0.5972083
0.39094424
0.6033488
0.6719542
0.38343307
0.3968446
0.62229884
0.53617924
0.48366544
0.6630395
0.592083
