0.14086922
0.30689472
0.31334877
0.19246873
0.20796105
0.1870262
0.19243489
0.17599443
0.13557449
0.18834934
0.19378398
0.19784516
0.198923
0.2093947
0.39822537
0.17321332
0.2754896
0.2541083
0.22156353
0.21887243
0.2854054
0.19343618
0.16917032
0.33176205
0.41788673
0.10072261
0.24641931
0.59995705
0.26380897
0.18559082
0.67305404
0.8873503
0.6003212
0.7788517
0.83294946
0.72613204
0.8238725
0.8227724
0.68531924
0.5262785
0.6923432
0.76546204
0.8412675
0.6637811
0.61355615
0.56789815
0.5855749
0.34892657
0.36353996
0.2834717
0.3025371
0.1800464
0.1814204
0.14973825
0.20896995
0.14834407
0.21078014
0.13023952
0.22014628
0.13716117
0.2256281
0.25885344
0.19768536
0.19926052
0.3435692
0.17717545
0.374117
0.20332801
0.27465442
0.20893301
0.243819
0.28385785
0.5276117
0.3242918
0.21975824
0.26131013
0.27653503
0.23483293
0.22287932
0.24978168
0.40481043
0.21193889
0.17931128
0.3277931
0.27785173
0.22572403
0.17861097
0.4944512
0.3164254
0.33259222
0.40507752
0.8484384
0.9106748
0.70142394
0.8659691
0.9329583
0.89105725
0.8119559
0.34499335
0.9038103
0.7959784
0.13097689
0.20417437
0.9009552
0.2314943
0.12580118
0.48597956
0.90997833
0.24093686
0.23835981
0.9100055
0.8499849
0.36994472
0.63091606
0.9219368
0.7407978
0.6267101
0.8770339
0.9438318
0.8966272
0.57203025
0.6594746
0.9233989
0.8476619
0.5981846
0.76632386
0.8842336
0.8272124
0.72512496
0.75397635
0.6808946
0.611004
0.48410398
0.58660585
0.66362065
0.45997235
0.5225568
0.6023591
0.5178343
0.48969144
0.65957975
0.5892532
