0.16547383
0.31798726
0.24927594
0.18421663
0.171653
0.19639407
0.16495101
0.16401048
0.12839398
0.17042817
0.17817843
0.18749699
0.16912262
0.19206817
0.57988423
0.19885987
0.263697
0.2766876
0.3102768
0.27713373
0.324613
0.2516724
0.21885905
0.4178622
0.44381103
0.09983073
0.297044
0.6727232
0.280882
0.18210797
0.72448313
0.89293927
0.6038916
0.7326799
0.8486507
0.7176196
0.8187395
0.8414689
0.6764347
0.53309613
0.67427605
0.74475557
0.83618283
0.6505831
0.60004205
0.52194417
0.56387365
0.27566183
0.31649017
0.24869259
0.24976984
0.13217582
0.18843505
0.17627579
0.27086833
0.16365562
0.2956404
0.23264048
0.27665034
0.18665428
0.2882175
0.23306894
0.24604274
0.17671639
0.22918813
0.13640529
0.25103086
0.25284344
0.31739798
0.24030067
0.49686667
0.53969854
0.7752098
0.7409987
0.69756216
0.59057486
0.67175186
0.36272216
0.27170038
0.2452283
0.40596813
0.25425696
0.20589007
0.4835182
0.29346132
0.42996505
0.3183715
0.7483701
0.3308946
0.7154422
0.548382
0.77154964
0.9075981
0.57774484
0.8206634
0.92635566
0.856256
0.7005518
0.24820484
0.89354265
0.738835
0.19206785
0.25157133
0.9161653
0.23399559
0.19935462
0.70452344
0.90050167
0.22413574
0.30445868
0.91156036
0.67331606
0.35743442
0.6470608
0.92685044
0.69392705
0.56835353
0.87269926
0.9396516
0.87697774
0.57543415
0.7462395
0.92886156
0.79856664
0.64472884
0.80013263
0.8812897
0.81039596
0.69851494
0.72591823
0.65299964
0.6069981
0.48457322
0.580845
0.6515415
0.43996912
0.49110794
0.60277176
0.51013863
0.48927826
0.6501499
0.5876954
