0.14193802
0.32724893
0.38103864
0.20755967
0.2240238
0.20924363
0.20759256
0.18578254
0.14164524
0.20532693
0.21793175
0.2226688
0.24230783
0.29268202
0.5222072
0.21538481
0.28821453
0.2624117
0.21345498
0.20783754
0.2998749
0.18725806
0.16837606
0.29313034
0.3904134
0.074289165
0.1927833
0.5593148
0.20576833
0.14911638
0.66198146
0.8798541
0.570586
0.7655846
0.8368684
0.7302476
0.81869286
0.83417135
0.68299127
0.515734
0.68473405
0.75764084
0.8378693
0.6546778
0.60603446
0.5368009
0.58445895
0.33568156
0.35840446
0.30110162
0.3251876
0.2576601
0.2296114
0.18247333
0.28995803
0.17221606
0.19879541
0.13285524
0.20589438
0.13179144
0.20126288
0.20999083
0.17162499
0.15719329
0.20076759
0.13235737
0.1981554
0.19232132
0.25903907
0.14461549
0.19642769
0.3054205
0.57860774
0.19843438
0.29760262
0.36084786
0.27457583
0.25761876
0.3153818
0.23571162
0.27220196
0.20523882
0.1975702
0.19848861
0.19121751
0.19128364
0.1362464
0.13896528
0.20559199
0.42027196
0.2358192
0.6618642
0.90513974
0.69911855
0.82949626
0.9133372
0.88583803
0.7669054
0.3303751
0.874501
0.7893631
0.15654922
0.21760115
0.9041101
0.22878523
0.15780546
0.6650833
0.9068299
0.2990136
0.4331806
0.90412986
0.6672705
0.46222475
0.7054452
0.9139974
0.7318717
0.6608435
0.88435364
0.8810993
0.903417
0.5964942
0.5978165
0.9209663
0.8642229
0.5642852
0.66641605
0.8889752
0.8302131
0.6199555
0.71635467
0.6860769
0.6021103
0.40697545
0.6176656
0.67710114
0.4232727
0.43662798
0.6118302
0.51682156
0.48904613
0.6763679
0.59410185
