0.0043497793
0.008408817
0.008276179
0.0120042
0.013254696
0.010475322
0.010616905
0.019887086
0.014663626
0.019289631
0.03776311
0.02568161
0.023417262
0.02558046
0.030135674
0.035196755
0.07915813
0.06868484
0.03997397
0.04437725
0.072936565
0.076400116
0.09058726
0.10461083
0.1258508
0.1492012
0.121612325
0.14117922
0.16067812
0.16824628
0.18567999
0.21030238
0.23653594
0.2661258
0.3062783
0.50462425
0.6580816
0.53240234
0.28579065
0.34512895
0.19999401
0.17155635
0.16987216
0.11650099
0.1493097
0.19901802
0.19083977
0.14279453
0.17813127
0.5466425
0.18290842
0.29513764
0.30148584
0.29298493
0.2642968
0.292733
0.23220445
0.1836114
0.370011
0.53090763
0.07783061
0.22271825
0.58983076
0.22695343
0.152457
0.69306374
0.8973391
0.5605828
0.776564
0.85397714
0.7333062
0.82220054
0.8390399
0.7135638
0.4962925
0.6942304
0.7692975
0.8292201
0.63641
0.5919641
0.5451167
0.565486
0.31426874
0.31515655
0.24708523
0.2756238
0.15973558
0.17587803
0.14517817
0.2114328
0.14566202
0.21683928
0.13953629
0.2149004
0.12335085
0.1866368
0.2217378
0.12895358
0.15172952
0.20243554
0.13323432
0.2717718
0.17094906
0.22709687
0.169956
0.24301909
0.2687783
0.53139985
0.31695232
0.27514416
0.41079748
0.3121623
0.29197702
0.26151323
0.24872598
0.41934377
0.20726752
0.16557829
0.2697956
0.24625067
0.2001417
0.13262612
0.40064263
0.24400319
0.26346332
0.30088833
0.8090215
0.8981101
0.6294382
0.8489679
0.9237954
0.8685064
0.762523
0.27670807
0.8760874
0.74712694
0.11090223
0.17935842
0.8817027
0.20655808
0.10823116
0.43795896
0.9023533
0.20501831
0.20791236
0.8953377
0.8251643
0.33695057
0.58600044
0.9104181
0.70379174
0.59861535
0.85330385
0.9370466
0.88124084
0.54075325
0.6265534
0.9177362
0.82367975
0.58110106
0.75768137
0.8786297
0.8194248
0.71177226
0.7381717
0.657443
0.5829855
0.4581742
0.567383
0.6461211
0.42986193
0.48776966
0.58692104
0.4977922
0.47380918
0.64335775
0.5771292
