0.14876099
0.29634812
0.25069356
0.1945688
0.19199798
0.18927252
0.1710204
0.17632739
0.14188063
0.17999147
0.1538158
0.20916004
0.21109785
0.20214729
0.28754064
0.1938607
0.2901328
0.2366818
0.26832068
0.33865157
0.3925901
0.23254769
0.21749829
0.45881248
0.38888544
0.1307799
0.27712828
0.52363443
0.3015112
0.36138302
0.75699145
0.87511486
0.65433717
0.7331487
0.7165386
0.7164217
0.81456625
0.81843305
0.65929484
0.52155423
0.70992124
0.7608785
0.8101457
0.54226136
0.4928926
0.45388883
0.400319
0.2675786
0.32071215
0.26625073
0.24705836
0.15165605
0.20383814
0.18019848
0.30967164
0.14310788
0.32172054
0.31463018
0.46657842
0.28546092
0.61336213
0.45575082
0.38039836
0.28163165
0.5018029
0.18153283
0.27503204
0.27474666
0.658499
0.21427003
0.28201637
0.39795312
0.78411424
0.6453337
0.6534292
0.688921
0.7024309
0.6355153
0.5418419
0.3194288
0.5397437
0.34238994
0.18388177
0.10930881
0.22846167
0.28782186
0.15658453
0.24946357
0.2609737
0.71110433
0.5674096
0.8420452
0.91995716
0.7527104
0.87775475
0.9356658
0.8700677
0.82677066
0.5072601
0.90950596
0.60597837
0.23276217
0.33486742
0.9051029
0.2557063
0.25214878
0.6339511
0.9066863
0.31933144
0.32516623
0.90831345
0.63619417
0.41719025
0.60566247
0.8962748
0.71324676
0.7099812
0.88273335
0.93408144
0.9054731
0.6476337
0.6655549
0.9325851
0.87357265
0.5937613
0.7169533
0.90211457
0.83969134
0.61965
0.72022206
0.74284464
0.600149
0.42580682
0.60548645
0.67752886
0.40635544
0.4274268
0.6240234
0.5371562
0.4883055
0.6588754
0.5907063
