0.19672416
0.43539888
0.38937095
0.22887483
0.15510947
0.21237813
0.18764704
0.16722746
0.14645444
0.17610659
0.22150795
0.19553977
0.20795135
0.22786133
0.62990814
0.20788439
0.32428235
0.3783583
0.37739304
0.32460794
0.5312618
0.30321082
0.2338106
0.4223464
0.5369694
0.13355988
0.3028162
0.6505058
0.28719282
0.33648694
0.7150515
0.87646186
0.5351845
0.6891965
0.6866929
0.58446336
0.8029226
0.85495466
0.64664704
0.515056
0.7573874
0.8015241
0.83933705
0.6417968
0.61683863
0.53867716
0.54433644
0.31999713
0.3809761
0.30657032
0.29753554
0.13996181
0.18373391
0.14707631
0.22000264
0.15066469
0.21644877
0.14786766
0.20003766
0.13872743
0.17886806
0.15674376
0.17333013
0.1788658
0.18017793
0.1829096
0.3837948
0.16005808
0.23130555
0.2160343
0.19379747
0.23706207
0.64658564
0.46856654
0.40730307
0.44983363
0.5639571
0.32136223
0.22324573
0.26542452
0.5829639
0.30691603
0.25195986
0.35336706
0.34674954
0.29818588
0.19198029
0.32800075
0.277815
0.4006151
0.30782774
0.7876488
0.9190803
0.663075
0.84886706
0.92792666
0.87944794
0.78353363
0.32130054
0.89577466
0.8263004
0.20796938
0.24616154
0.90999055
0.27945316
0.20902205
0.5654765
0.91442573
0.29363996
0.27607793
0.9084489
0.62045246
0.359189
0.63615805
0.9113862
0.65897906
0.60510397
0.8859029
0.9329062
0.8924349
0.62375975
0.7114968
0.9320186
0.84668493
0.62277913
0.7610069
0.8878463
0.82113415
0.72803485
0.7496597
0.68027526
0.6228165
0.47537026
0.5891128
0.66121835
0.44921643
0.49743852
0.5983457
0.5168175
0.48911673
0.6598849
0.58541465
