0.1661666
0.33760953
0.31342107
0.21085359
0.21270245
0.21230726
0.17392863
0.21396092
0.17055754
0.1929494
0.17443524
0.28822124
0.25898096
0.17914426
0.4330737
0.29664424
0.1940618
0.20803945
0.22623174
0.31392893
0.3031477
0.19518997
0.21344332
0.6002182
0.6303508
0.11942844
0.30147967
0.76408255
0.3553199
0.167677
0.71081907
0.8993796
0.58830535
0.64399225
0.820592
0.69103235
0.8167679
0.8443996
0.6979532
0.51112163
0.6724375
0.75842786
0.83146775
0.6624273
0.6181113
0.55837727
0.6141483
0.33960578
0.38513666
0.28605995
0.2659151
0.15250862
0.18078652
0.1421906
0.19848697
0.14203829
0.22029601
0.15371478
0.2227029
0.13108166
0.21665514
0.22557949
0.24883524
0.23991509
0.43572903
0.3100597
0.62715936
0.3718669
0.41085193
0.3081935
0.46323332
0.5295258
0.7285039
0.6313664
0.7015714
0.57791674
0.5910963
0.59396565
0.46166754
0.30624023
0.5828237
0.36259696
0.2783685
0.25519004
0.32023448
0.27724352
0.18429612
0.2746791
0.2676465
0.33862263
0.31776386
0.7812325
0.9169448
0.6565975
0.8512235
0.92922205
0.8880434
0.78927654
0.3266189
0.90363544
0.8572831
0.19383918
0.23432107
0.90635663
0.2916113
0.17427935
0.60424626
0.9277935
0.3548657
0.34920016
0.9146095
0.7097974
0.43520236
0.6152928
0.85462594
0.7553408
0.6809904
0.89316505
0.9472366
0.92523634
0.6640947
0.6644561
0.93679756
0.8837758
0.59421474
0.7159745
0.90889007
0.8418242
0.56957155
0.75649005
0.747619
0.62051874
0.48854792
0.6439682
0.6913967
0.42672953
0.5285001
0.64035285
0.5453764
0.49975014
0.6884841
0.6086237
