0.23529063
0.36110064
0.2737907
0.18739335
0.19736639
0.15456596
0.1480817
0.15508676
0.129601
0.16224277
0.1838188
0.2327428
0.18786708
0.19437073
0.53185177
0.1834191
0.22448684
0.23050363
0.25375432
0.2522106
0.2869585
0.20741466
0.19556914
0.399911
0.4837771
0.106624484
0.29996637
0.6264717
0.27753967
0.22385935
0.7216184
0.8901917
0.55676675
0.74759495
0.85312307
0.7038548
0.8139612
0.8210342
0.6860543
0.5032281
0.64474434
0.73188466
0.81953216
0.64802235
0.5930898
0.533757
0.573258
0.33180836
0.3339395
0.2693235
0.30347222
0.1870878
0.19262895
0.17096877
0.22992009
0.15678194
0.27450848
0.1497292
0.20949507
0.15476483
0.3264982
0.31583697
0.22887921
0.25506166
0.4872033
0.19748023
0.30152372
0.2765264
0.30549246
0.16064592
0.21508718
0.43710843
0.5451793
0.38666567
0.60342884
0.6207086
0.608052
0.35763502
0.4011895
0.26595685
0.33581874
0.24254525
0.19308537
0.20689249
0.22556095
0.23568982
0.14039631
0.1896994
0.19920762
0.33159366
0.37064892
0.79330766
0.9131673
0.70026904
0.8640901
0.9255744
0.88657767
0.8154213
0.370923
0.8963152
0.82101417
0.20868471
0.25575322
0.90535027
0.3002707
0.21261768
0.5663276
0.9139952
0.30269936
0.27633524
0.91061836
0.60541844
0.33043867
0.62650305
0.91176015
0.63603085
0.5898207
0.8845657
0.9333124
0.873747
0.5784386
0.6826046
0.93325156
0.73579246
0.56368566
0.8089535
0.8860581
0.80908054
0.72175235
0.7996133
0.7270607
0.64162827
0.5697937
0.66200984
0.73799646
0.67015624
0.68048126
0.6761124
0.58558786
0.46740228
0.4118943
0.36928222
0.36653578
0.34613305
0.23514774
0.1428387
0.0875526
