0.1549798
0.35277575
0.37730202
0.24933335
0.25806367
0.24388517
0.23012796
0.20556907
0.19306847
0.22192061
0.24093793
0.24839602
0.28353807
0.2480523
0.48389542
0.24894638
0.42341748
0.39033598
0.35579887
0.42575905
0.53806555
0.29498488
0.23932609
0.52685165
0.63915205
0.11251931
0.29316148
0.63007885
0.32369813
0.25655156
0.7183679
0.89766467
0.6101499
0.7634799
0.8495644
0.71242076
0.820143
0.8359603
0.68822956
0.4978244
0.67858046
0.75430495
0.8342601
0.65504223
0.6209998
0.60630745
0.64883333
0.42211148
0.44794452
0.3475181
0.35325557
0.20787618
0.21300296
0.15246508
0.20234346
0.1540044
0.20170133
0.12806918
0.18210085
0.12303467
0.19250774
0.19795777
0.20344341
0.18001121
0.21596435
0.1517537
0.28689143
0.20082073
0.23838007
0.18870953
0.30985546
0.26125506
0.4996519
0.28992125
0.33262423
0.38980058
0.32922876
0.31101638
0.296257
0.27699077
0.46815687
0.23271783
0.18897876
0.30521125
0.27594256
0.22827968
0.17115033
0.4563914
0.29478833
0.3067032
0.36813834
0.84086865
0.9110642
0.69422007
0.8661958
0.9335231
0.89310807
0.8135055
0.35454893
0.9042668
0.79690176
0.13193895
0.20588063
0.90262574
0.2340313
0.12907575
0.49213585
0.91222614
0.24836275
0.24376364
0.91121083
0.8534068
0.37641433
0.63487166
0.9234583
0.7498705
0.6311017
0.8783066
0.94476426
0.89663696
0.5739591
0.66488194
0.92543703
0.849677
0.60247207
0.76978827
0.88541
0.8287182
0.7291159
0.7551404
0.68411666
0.6205148
0.49717247
0.5931618
0.6660974
0.4661953
0.5236092
0.6013541
0.5175248
0.48870763
0.66065747
0.58866656
