0.17553914
0.32563162
0.26815137
0.1736966
0.19022398
0.17714505
0.14813939
0.15792832
0.13572016
0.16685094
0.17417929
0.19659995
0.22859064
0.19795494
0.37800395
0.20364471
0.33269992
0.2555356
0.26531398
0.30478656
0.40861592
0.20506394
0.22811612
0.5161888
0.49734202
0.09033227
0.31012666
0.71825397
0.21716869
0.22716025
0.7627298
0.88789684
0.59702283
0.74459136
0.9061987
0.7507818
0.8113467
0.8349208
0.689941
0.49196896
0.6543961
0.7466781
0.8262483
0.63429344
0.57543
0.50197643
0.6331159
0.31166852
0.348804
0.30630887
0.30935422
0.13120541
0.20539203
0.16376714
0.23350777
0.13646716
0.3091157
0.16167468
0.2184724
0.16064027
0.23083489
0.19284844
0.1481416
0.16467927
0.22060934
0.14314182
0.32932422
0.13049826
0.2171766
0.19629818
0.13958856
0.21084952
0.6183508
0.47136164
0.23892345
0.429247
0.686453
0.3199222
0.19506799
0.29205176
0.70848286
0.27579325
0.21010673
0.46427438
0.3762902
0.24173379
0.17104392
0.5606583
0.31856728
0.3405107
0.52897954
0.88179755
0.9106074
0.642027
0.8749338
0.9295456
0.838713
0.77371633
0.40464157
0.87620044
0.4536387
0.17841083
0.24563704
0.8869345
0.20175675
0.17900947
0.6010746
0.90188545
0.28896108
0.37019452
0.9169176
0.6203948
0.41106167
0.70765364
0.9175407
0.7068414
0.6433754
0.87530684
0.9346176
0.8926838
0.57825696
0.6034823
0.9236137
0.86878353
0.58974135
0.72793704
0.89173526
0.84426963
0.5847412
0.70940596
0.72182864
0.6068476
0.36395973
0.5525028
0.63088423
0.35728922
0.33863053
0.56441337
0.49379736
0.4598935
0.66543585
0.5919253
