0.15294869
0.3328523
0.30526635
0.21975166
0.20974255
0.20455086
0.18831067
0.19176054
0.17160831
0.20010851
0.21373835
0.22253735
0.1806164
0.20809811
0.4877286
0.21423806
0.28314006
0.2484879
0.34060937
0.39833683
0.44566113
0.26833433
0.2424891
0.5238172
0.46688318
0.09006036
0.27804983
0.62528
0.19342333
0.1666999
0.70192516
0.8855714
0.61939245
0.7199115
0.9018022
0.7156369
0.8196488
0.8555172
0.6680606
0.45215893
0.6488412
0.74662983
0.7961567
0.5756378
0.5272581
0.49568757
0.5025391
0.26620114
0.4776002
0.29532227
0.33947685
0.2904777
0.27039984
0.21566385
0.2831041
0.2916146
0.3455982
0.19553992
0.30290422
0.20820136
0.39285487
0.2895707
0.33328858
0.27566886
0.29344204
0.17904694
0.55096984
0.33350965
0.2848741
0.29844692
0.5861795
0.371099
0.6233908
0.5866977
0.4345695
0.27692118
0.43987486
0.34943208
0.30590743
0.1800805
0.3783795
0.24380012
0.2691005
0.32572517
0.26162
0.2993406
0.27981785
0.26776546
0.2316787
0.3285865
0.22245373
0.7022936
0.9043689
0.66849613
0.838511
0.92580837
0.8610645
0.75736034
0.35610402
0.89312094
0.6991611
0.14473987
0.22342092
0.8798894
0.19041456
0.105724774
0.42237657
0.88884187
0.16663873
0.21403
0.9035903
0.7527111
0.3539463
0.573982
0.9085652
0.6625866
0.5210344
0.86395615
0.9308392
0.89482045
0.5565417
0.64131397
0.9272028
0.86605495
0.6147811
0.68903106
0.888362
0.8233208
0.6800234
0.7050793
0.7023328
0.6150143
0.39742595
0.54941154
0.62094736
0.39197168
0.42105812
0.5989714
0.5088015
0.47506422
0.6661525
0.5860818
