0.14033799
0.32607105
0.36843103
0.23659718
0.24625972
0.23904447
0.24006312
0.21014743
0.1861425
0.23855871
0.2570339
0.228108
0.22093368
0.2253678
0.43950036
0.17437169
0.276572
0.2552895
0.21654941
0.21499203
0.27521473
0.18948619
0.16693181
0.31166732
0.39356735
0.09795769
0.24459429
0.5882992
0.26636565
0.19147174
0.66245395
0.8872942
0.59039426
0.7760463
0.83205354
0.71999073
0.8197636
0.81991047
0.6823051
0.5249757
0.6866694
0.7636718
0.8405691
0.6630075
0.61510205
0.5726606
0.60236394
0.3607571
0.38269007
0.29093283
0.3129282
0.18523201
0.18536735
0.14056359
0.18750168
0.14929782
0.21532515
0.12771381
0.20781088
0.14033355
0.22785516
0.21389922
0.16536185
0.18498842
0.24621165
0.14746326
0.24641542
0.1917861
0.28583804
0.1785079
0.21024962
0.32360706
0.6341819
0.39237514
0.40896147
0.57570225
0.53867906
0.29836294
0.3078559
0.24250537
0.33157662
0.19452213
0.16370827
0.24064639
0.22638509
0.21606338
0.14069271
0.32255113
0.26633233
0.28718826
0.35151893
0.8311084
0.9094828
0.70482236
0.8560183
0.92743707
0.8868129
0.78726697
0.3091581
0.8940989
0.77908766
0.19257405
0.30801755
0.9256434
0.41957825
0.19125296
0.6279393
0.91103864
0.29056907
0.27169687
0.91533595
0.8548539
0.36416483
0.60650384
0.92860764
0.71606565
0.56928825
0.86876464
0.9418139
0.8991859
0.57233965
0.67854834
0.9251893
0.8413733
0.63163006
0.76751053
0.88071924
0.81798375
0.69913894
0.73047376
0.681311
0.62611216
0.49005118
0.59246343
0.6699416
0.4673714
0.5297819
0.60855484
0.5178555
0.49457994
0.66082776
0.58996946
