0.15581617
0.35382903
0.37774336
0.24851725
0.25660253
0.2411157
0.22664359
0.2035697
0.18964109
0.21704894
0.23861197
0.24572885
0.28266472
0.2470338
0.48562777
0.25585678
0.43048695
0.39402762
0.36171663
0.43401378
0.54465854
0.29873216
0.24561659
0.54094344
0.6505011
0.114564665
0.30859947
0.65060115
0.3318099
0.263506
0.73316157
0.89928734
0.6242079
0.76679516
0.8587378
0.7186511
0.822088
0.8468736
0.7086032
0.52094805
0.6967843
0.7663042
0.83542836
0.65291077
0.6087167
0.5704747
0.6013171
0.3430412
0.3640039
0.3120068
0.33108804
0.18895294
0.19837157
0.1752343
0.23717305
0.16247046
0.23451987
0.15267967
0.23014458
0.13678078
0.207768
0.24537829
0.16034533
0.17200124
0.24248362
0.15359144
0.2896798
0.18812378
0.24757741
0.18334332
0.25671765
0.31097105
0.58060056
0.35603374
0.31448475
0.47440222
0.3500424
0.32652366
0.29493585
0.28351367
0.47823647
0.22658926
0.18635517
0.30014575
0.2742566
0.22389835
0.15638675
0.46510285
0.28873524
0.30363002
0.36219123
0.84040284
0.90904015
0.703721
0.8667253
0.9314068
0.888872
0.791435
0.33904746
0.90004426
0.7693612
0.1893115
0.3082921
0.9258836
0.42144227
0.19325761
0.63425046
0.9107001
0.30603102
0.27940604
0.91563153
0.8582266
0.37825254
0.6089097
0.9289889
0.7256885
0.5743608
0.8688653
0.9422733
0.8971333
0.5732992
0.684876
0.9258175
0.8430184
0.63926774
0.7720652
0.88183165
0.81849694
0.7040373
0.73192847
0.68357
0.6318622
0.49479273
0.5962693
0.66830117
0.46605274
0.5220233
0.6036308
0.5148051
0.49278408
0.6619105
0.5903284
