0.17353618
0.32643098
0.27246627
0.18133803
0.1636507
0.15212281
0.1515558
0.15247941
0.12585258
0.16407682
0.18883462
0.21218719
0.18488786
0.22416146
0.48949033
0.2106458
0.2772663
0.31811774
0.35198405
0.32287487
0.4555355
0.27910626
0.25617525
0.51659983
0.5017138
0.16299343
0.3224015
0.610536
0.34661865
0.5046598
0.7783123
0.8930109
0.6183613
0.6635759
0.68476015
0.7036536
0.8279071
0.83434814
0.665882
0.5066376
0.6953818
0.7342734
0.80088854
0.58061045
0.5177538
0.4718487
0.4919321
0.2522922
0.2940954
0.24530165
0.27261344
0.16104363
0.19297664
0.17678115
0.30894905
0.21266349
0.35061142
0.23522407
0.34096518
0.19955887
0.2748678
0.3102579
0.2672661
0.25904518
0.39699152
0.21788442
0.59058785
0.24362113
0.3012054
0.29317617
0.47566137
0.33482575
0.7608368
0.7028676
0.40965888
0.29719943
0.48943606
0.303982
0.17687556
0.17569318
0.24467517
0.19456457
0.14697303
0.16370142
0.23157643
0.35001507
0.1980059
0.43683815
0.38778898
0.8099445
0.6284196
0.80064887
0.91546077
0.6798658
0.84643334
0.9312291
0.87759745
0.7831813
0.3430719
0.8893552
0.7880633
0.19261327
0.20200463
0.8894792
0.17258856
0.15291755
0.50071645
0.8977996
0.19967785
0.25546256
0.90244347
0.6115215
0.40115282
0.65255624
0.91325295
0.7200089
0.7199355
0.8854696
0.93568254
0.8976854
0.63360125
0.6657356
0.9313096
0.8666945
0.5790222
0.70169204
0.8965095
0.83688986
0.6079387
0.7138677
0.73501974
0.58488184
0.4199055
0.5958597
0.66992646
0.38455465
0.41081125
0.61731184
0.52982414
0.4805224
0.65561044
0.5887741
