0.14293528
0.31873715
0.33782816
0.22738896
0.22876993
0.20878166
0.21441111
0.19309822
0.15123017
0.20004472
0.2623671
0.24779783
0.2278928
0.24211526
0.63271743
0.26653764
0.40269735
0.38026425
0.37990466
0.35429385
0.3689704
0.2644535
0.2404891
0.44526753
0.5575705
0.10563037
0.285112
0.627646
0.2544564
0.18645808
0.7082274
0.88893324
0.5789072
0.7531022
0.85552645
0.71333796
0.819307
0.8440819
0.70020276
0.514237
0.69778514
0.7673904
0.83641195
0.6545286
0.6097533
0.56596607
0.59209806
0.3365292
0.35527384
0.2985968
0.31425348
0.18009463
0.19267206
0.16865659
0.22999315
0.15732145
0.22932401
0.14790101
0.22595952
0.13265647
0.20159717
0.23928969
0.15410084
0.1662254
0.23296727
0.14895909
0.2856342
0.1817921
0.2430908
0.18028118
0.25575548
0.3033799
0.57536304
0.35046175
0.30792832
0.46463892
0.34275
0.31928703
0.2881377
0.2767026
0.46989885
0.22216952
0.18159802
0.29541898
0.2674342
0.21835767
0.1526558
0.4446143
0.2786104
0.3015554
0.3598818
0.8378818
0.910344
0.69306976
0.8638145
0.9328078
0.8899529
0.80397224
0.34755555
0.9006757
0.791067
0.138978
0.21137649
0.90662134
0.23725487
0.14057474
0.5253491
0.919808
0.28154746
0.28929746
0.91408724
0.8551819
0.36489037
0.5825428
0.9192167
0.7521407
0.5514014
0.8744548
0.94233036
0.90849274
0.5566263
0.6361951
0.92441475
0.85735583
0.5968197
0.73270285
0.88657176
0.824021
0.7010465
0.74452174
0.69578034
0.63761693
0.4533971
0.5949199
0.67026633
0.4585024
0.5159298
0.5996709
0.5152199
0.48886007
0.6659402
0.5881125
