0.005379712
0.00851113
0.006304341
0.008852733
0.011980906
0.008777988
0.008594314
0.014591346
0.012443863
0.015079906
0.025662659
0.018590065
0.017313192
0.016326537
0.016138708
0.018833315
0.036273442
0.043978997
0.024729077
0.026622675
0.027771922
0.038229574
0.047813468
0.06533521
0.073784895
0.09093597
0.100840054
0.11302466
0.09407927
0.098042965
0.117715925
0.13460936
0.16114827
0.19995934
0.25265688
0.29548788
0.51123154
0.45892122
0.2508416
0.32436156
0.2348737
0.24741764
0.22073796
0.17245199
0.21231805
0.24448933
0.27337062
0.20359382
0.20758702
0.62061596
0.21936636
0.31466147
0.31386113
0.26258606
0.22681585
0.2715376
0.20911087
0.1531823
0.32816714
0.47159696
0.070283815
0.22177356
0.62886065
0.23715682
0.15965696
0.67206484
0.897235
0.53348744
0.74272686
0.80680436
0.71580225
0.8149375
0.8212835
0.6736233
0.47561854
0.67448276
0.7492114
0.81962377
0.6271313
0.5743464
0.5162521
0.5330369
0.28527218
0.26367706
0.21350826
0.26050934
0.15166909
0.17084889
0.14536844
0.24017425
0.17082144
0.2264542
0.15239385
0.25950915
0.14452222
0.24591266
0.25440556
0.18182401
0.18722452
0.23083629
0.15569289
0.3631351
0.2280836
0.26834288
0.20816652
0.3593405
0.33093822
0.5656348
0.40898278
0.35100836
0.35523304
0.27963325
0.3201591
0.25151566
0.21878397
0.385205
0.19829768
0.14751188
0.2356009
0.23928086
0.17201552
0.112404
0.36348718
0.21981923
0.25100023
0.2841528
0.8002904
0.89432865
0.6129935
0.8390039
0.92117465
0.85840267
0.7356671
0.25701898
0.8679271
0.7360763
0.11118866
0.17857343
0.88352984
0.20026785
0.11209607
0.46050304
0.90875715
0.23009515
0.25326878
0.8956157
0.8241493
0.32475692
0.52556676
0.90642977
0.70321995
0.51500076
0.8498505
0.932496
0.8921803
0.52248275
0.5949208
0.916565
0.82528764
0.56906235
0.7109346
0.879127
0.81121266
0.6809768
0.72286314
0.66435266
0.598991
0.4125999
0.56691664
0.6455376
0.4175948
0.4710054
0.58016425
0.491783
0.47236994
0.6493189
0.57591885
